0 1.6201e-05
1 2.0659e-05
2 2.3384e-05
3 2.4587e-05
4 2.7783e-05
5 2.9155e-05
6 3.1059e-05
7 3.1841e-05
8 3.6169e-05
9 3.7772e-05
10 3.9736e-05
11 4.0547e-05
12 4.3954e-05
13 4.4805e-05
14 4.6909e-05
15 4.7751e-05
16 5.4444e-05
17 5.6367e-05
18 5.8762e-05
19 5.9714e-05
20 6.3832e-05
21 6.4683e-05
22 6.6957e-05
23 6.7849e-05
24 7.3821e-05
25 7.4802e-05
26 7.7387e-05
27 7.8339e-05
28 8.2537e-05
29 8.3499e-05
30 8.6274e-05
31 8.7326e-05
32 9.8478e-05
33 0.000101253
34 0.000104629
35 0.000105812
36 0.000111152
37 0.000112424
38 0.00011552
39 0.000116752
40 0.000125058
41 0.000126301
42 0.000130108
43 0.00013136
44 0.000137692
45 0.000139035
46 0.000142932
47 0.000144375
48 0.000155937
49 0.000157189
50 0.000160917
51 0.000162199
52 0.000169333
53 0.000170725
54 0.000174823
55 0.000176256
56 0.000186405
57 0.000187758
58 0.000192326
59 0.000193649
60 0.000200732
61 0.000202195
62 0.000206914
63 0.000208327
64 0.000230429
65 0.000235008
66 0.000240278
67 0.000241841
68 0.000249816
69 0.000251429
70 0.000256509
71 0.000257992
72 0.000269654
73 0.000271137
74 0.000276066
75 0.000277689
76 0.000285785
77 0.000287458
78 0.000292988
79 0.000294742
80 0.000310842
81 0.000312576
82 0.000318086
83 0.00031985
84 0.000328867
85 0.00033064
86 0.000336131
87 0.000338034
88 0.000353113
89 0.000355007
90 0.000361419
91 0.000363362
92 0.000373933
93 0.000375896
94 0.000382389
95 0.000384423
96 0.000408959
97 0.000410943
98 0.000417676
99 0.00041975
100 0.000431041
101 0.000433196
102 0.000440049
103 0.000442113
104 0.000458784
105 0.000460959
106 0.000467902
107 0.000470026
108 0.000481908
109 0.000484073
110 0.000491437
111 0.000493721
112 0.000516665
113 0.000518959
114 0.000526443
115 0.000528788
116 0.000541262
117 0.000543646
118 0.000551531
119 0.000554036
120 0.000572531
121 0.000575016
122 0.000582671
123 0.000585115
124 0.000598982
125 0.000601336
126 0.000609331
127 0.000611756
128 0.000653315
129 0.00066122
130 0.000669887
131 0.000672331
132 0.000686428
133 0.000688933
134 0.000697399
135 0.000699914
136 0.000720153
137 0.000722647
138 0.000731304
139 0.000734129
140 0.000749088
141 0.000751422
142 0.000760009
143 0.000762734
144 0.000790587
145 0.000793412
146 0.00080263
147 0.000805435
148 0.000821285
149 0.000824211
150 0.000833168
151 0.000835673
152 0.000855801
153 0.000858486
154 0.000866832
155 0.000869467
156 0.000884907
157 0.000887852
158 0.0008973
159 0.000900416
160 0.000937226
161 0.000940442
162 0.000950642
163 0.000953628
164 0.00097084
165 0.000973656
166 0.000983765
167 0.000986921
168 0.00101161
169 0.00101468
170 0.0010249
171 0.0010281
172 0.00104588
173 0.00104896
174 0.0010595
175 0.00106259
176 0.00109556
177 0.00109883
178 0.00110994
179 0.00111308
180 0.0011316
181 0.001135
182 0.00114608
183 0.00114928
184 0.00117566
185 0.00117914
186 0.00119037
187 0.00119381
188 0.00121324
189 0.00121675
190 0.00122823
191 0.00123166
192 0.0012845
193 0.00128794
194 0.00129994
195 0.00130342
196 0.00132395
197 0.00132738
198 0.00133837
199 0.00134146
200 0.00136671
201 0.00136996
202 0.00138073
203 0.00138409
204 0.0014038
205 0.00140717
206 0.00142137
207 0.00142559
208 0.00146202
209 0.00146507
210 0.00147508
211 0.00147812
212 0.00154855
213 0.0015534
214 0.00156539
215 0.00156847
216 0.0015926
217 0.00159571
218 0.00160588
219 0.00160899
220 0.00162666
221 0.00162983
222 0.0016403
223 0.00164343
224 0.00168302
225 0.00168623
226 0.0016969
227 0.00170014
228 0.00171842
229 0.00172167
230 0.00173243
231 0.00173626
232 0.00176219
233 0.00176549
234 0.00177654
235 0.00177987
236 0.00179855
237 0.00180186
238 0.00181296
239 0.00181632
240 0.00185091
241 0.00185431
242 0.0018657
243 0.00186912
244 0.00188852
245 0.00189197
246 0.00190352
247 0.001907
248 0.00193679
249 0.00194032
250 0.001952
251 0.00195549
252 0.00197524
253 0.00197878
254 0.00199062
255 0.00199419
256 0.00206468
257 0.00207547
258 0.00208778
259 0.0020914
260 0.00211191
261 0.00211557
262 0.00212764
263 0.00213131
264 0.00216056
265 0.00216426
266 0.00217656
267 0.00218029
268 0.00220115
269 0.0022049
270 0.00221731
271 0.00222107
272 0.00225977
273 0.00226357
274 0.00227611
275 0.00227994
276 0.00230156
277 0.00230541
278 0.00231831
279 0.00232218
280 0.00235294
281 0.00235684
282 0.00236977
283 0.00237368
284 0.00240021
285 0.00240456
286 0.00242063
287 0.00242494
288 0.0024836
289 0.00248822
290 0.00250406
291 0.00250919
292 0.00253629
293 0.0025409
294 0.00255727
295 0.00256187
296 0.00260201
297 0.00260652
298 0.00262282
299 0.00262723
300 0.00265322
301 0.00265763
302 0.002673
303 0.00267741
304 0.00272527
305 0.00273028
306 0.00274536
307 0.00274979
308 0.00277612
309 0.00278076
310 0.00279665
311 0.00280127
312 0.00284111
313 0.00284606
314 0.00286444
315 0.00286986
316 0.00289968
317 0.00290443
318 0.00292108
319 0.00292573
320 0.00300851
321 0.00301422
322 0.00303244
323 0.0030378
324 0.00306967
325 0.00307488
326 0.00309346
327 0.00309881
328 0.00314411
329 0.00314951
330 0.00316826
331 0.00317359
332 0.00320579
333 0.00321132
334 0.00323062
335 0.00323597
336 0.00329622
337 0.00330179
338 0.00332191
339 0.00332744
340 0.00336045
341 0.00336578
342 0.00338505
343 0.00339071
344 0.00343904
345 0.00344452
346 0.00346431
347 0.00346988
348 0.00350377
349 0.00350939
350 0.00352959
351 0.00353528
352 0.00361232
353 0.00361823
354 0.00363824
355 0.00364403
356 0.00374342
357 0.00374991
358 0.00376988
359 0.0037758
360 0.00382538
361 0.00383125
362 0.00385176
363 0.00385764
364 0.00389266
365 0.00389867
366 0.00391913
367 0.00392488
368 0.00399015
369 0.00399613
370 0.00401725
371 0.0040232
372 0.00405913
373 0.00406521
374 0.00408641
375 0.00409254
376 0.004144
377 0.00414996
378 0.00417138
379 0.00417737
380 0.00421456
381 0.00422073
382 0.00424244
383 0.00424859
384 0.00436332
385 0.00436933
386 0.00439116
387 0.00439736
388 0.00443553
389 0.00444156
390 0.00446343
391 0.00446973
392 0.00452503
393 0.00453143
394 0.00455384
395 0.00456018
396 0.00459899
397 0.00460563
398 0.0046282
399 0.0046346
400 0.00483408
401 0.00484795
402 0.00488784
403 0.00489867
404 0.00496908
405 0.00498227
406 0.00501936
407 0.00502956
408 0.00512136
409 0.00513087
410 0.00516223
411 0.00517192
412 0.00522716
413 0.00523685
414 0.00527088
415 0.0052826
416 0.00547176
417 0.00548161
418 0.00551405
419 0.00552383
420 0.00557963
421 0.00558952
422 0.00562281
423 0.00563267
424 0.00571234
425 0.00572226
426 0.00575588
427 0.00576583
428 0.0058227
429 0.0058327
430 0.00586663
431 0.00587666
432 0.00600155
433 0.00601621
434 0.00605865
435 0.00606887
436 0.00613411
437 0.0061458
438 0.00618831
439 0.00620057
440 0.00630904
441 0.00632032
442 0.00636203
443 0.00637277
444 0.00644176
445 0.00645319
446 0.00649229
447 0.00650379
448 0.00669569
449 0.00670922
450 0.00675219
451 0.00676457
452 0.00684102
453 0.00685332
454 0.00689361
455 0.00690538
456 0.00700297
457 0.00701599
458 0.00706191
459 0.00707439
460 0.00714747
461 0.00715946
462 0.00720176
463 0.0072147
464 0.00743986
465 0.00744922
466 0.00747392
467 0.00748063
468 0.00752218
469 0.00752881
470 0.00755194
471 0.0075588
472 0.0076201
473 0.00762732
474 0.00765425
475 0.00766243
476 0.00770846
477 0.00771614
478 0.00774497
479 0.00775232
480 0.00783339
481 0.00783999
482 0.00786168
483 0.00786807
484 0.00790494
485 0.0079332
486 0.00795742
487 0.00796386
488 0.00801614
489 0.0080226
490 0.00804724
491 0.00805503
492 0.00809678
493 0.00810482
494 0.0082711
495 0.00827829
496 0.00835003
497 0.00835696
498 0.00838111
499 0.00838842
500 0.00843356
501 0.0084406
502 0.00846461
503 0.00847137
504 0.00854144
505 0.00854893
506 0.00857176
507 0.00857843
508 0.00861691
509 0.00862361
510 0.00864644
511 0.00865316
512 0.00880644
513 0.0089973
514 0.00902104
515 0.0090271
516 0.0090647
517 0.00907066
518 0.00909208
519 0.00909806
520 0.00928048
521 0.00928881
522 0.00931639
523 0.0093235
524 0.00936731
525 0.00937467
526 0.00940287
527 0.00941099
528 0.0094918
529 0.00949939
530 0.00952306
531 0.00953014
532 0.00957049
533 0.00957751
534 0.00960154
535 0.00960858
536 0.00966586
537 0.00967293
538 0.00969757
539 0.00970497
540 0.00974596
541 0.00975308
542 0.0097873
543 0.00979444
544 0.00998561
545 0.00999255
546 0.010016
547 0.0100233
548 0.0100717
549 0.0100797
550 0.0101076
551 0.0101156
552 0.0101778
553 0.0101842
554 0.0102081
555 0.0102155
556 0.0102575
557 0.0102648
558 0.0102897
559 0.010297
560 0.0104561
561 0.010466
562 0.0104976
563 0.0105062
564 0.0105537
565 0.0105602
566 0.0105833
567 0.0105898
568 0.0106475
569 0.0106549
570 0.0106801
571 0.0106875
572 0.0107831
573 0.0107932
574 0.0108228
575 0.0108314
576 0.0109573
577 0.0109655
578 0.0109913
579 0.010999
580 0.0110431
581 0.0110507
582 0.0110766
583 0.0110843
584 0.0111465
585 0.0111542
586 0.0111804
587 0.0111881
588 0.0112324
589 0.01124
590 0.0112663
591 0.011274
592 0.0113552
593 0.0113629
594 0.0113892
595 0.0113971
596 0.0114425
597 0.0115395
598 0.0115685
599 0.0115754
600 0.0116382
601 0.011647
602 0.0116773
603 0.0116859
604 0.0117386
605 0.0117479
606 0.0118445
607 0.0118541
608 0.0119569
609 0.0119648
610 0.0119919
611 0.0119998
612 0.0120458
613 0.0120538
614 0.012081
615 0.012089
616 0.0121543
617 0.0121623
618 0.0121896
619 0.0121976
620 0.0122441
621 0.0122522
622 0.0122797
623 0.0122878
624 0.012373
625 0.0123812
626 0.0124089
627 0.012417
628 0.012464
629 0.0124722
630 0.012762
631 0.01277
632 0.0128355
633 0.0128437
634 0.0128716
635 0.0128799
636 0.0129274
637 0.0129356
638 0.0129637
639 0.012972
640 0.0131281
641 0.0131392
642 0.0131723
643 0.0131807
644 0.0132288
645 0.0132372
646 0.0132658
647 0.0132742
648 0.01335
649 0.0133601
650 0.0133951
651 0.0134031
652 0.0134509
653 0.0134594
654 0.0134883
655 0.0134968
656 0.0135862
657 0.0135947
658 0.0136307
659 0.0136399
660 0.0139182
661 0.0139309
662 0.0139673
663 0.0139768
664 0.0140606
665 0.0140722
666 0.0141053
667 0.0141149
668 0.0141754
669 0.0141841
670 0.0142178
671 0.0142274
672 0.0144571
673 0.0144665
674 0.0144959
675 0.0145048
676 0.0145553
677 0.0145641
678 0.0145943
679 0.0146031
680 0.0146764
681 0.0146859
682 0.0147422
683 0.0147517
684 0.014803
685 0.014878
686 0.0149139
687 0.0149229
688 0.0150216
689 0.0150339
690 0.0152145
691 0.0152249
692 0.0152793
693 0.0152895
694 0.0153227
695 0.0153319
696 0.0154104
697 0.0154194
698 0.0154501
699 0.0154592
700 0.0155115
701 0.0155206
702 0.0155514
703 0.0155606
704 0.0157923
705 0.0158021
706 0.0158332
707 0.0158425
708 0.0158953
709 0.0159045
710 0.0159357
711 0.0159449
712 0.0160199
713 0.0160291
714 0.016064
715 0.0160744
716 0.0161328
717 0.0161454
718 0.0161804
719 0.0161912
720 0.0163622
721 0.0163712
722 0.0164022
723 0.0164116
724 0.0164655
725 0.0164749
726 0.0165068
727 0.0165162
728 0.0165928
729 0.0166022
730 0.0166343
731 0.0166437
732 0.0166981
733 0.0167076
734 0.0167398
735 0.0167493
736 0.0168715
737 0.016881
738 0.0169135
739 0.0169232
740 0.0169785
741 0.0169881
742 0.0170206
743 0.0170302
744 0.0171082
745 0.0171178
746 0.0171506
747 0.0171602
748 0.0172161
749 0.0172257
750 0.0172585
751 0.0172682
752 0.0173701
753 0.0173799
754 0.0174128
755 0.0174226
756 0.0174788
757 0.0174885
758 0.0175218
759 0.0175316
760 0.0176114
761 0.0176212
762 0.0176546
763 0.0176644
764 0.0177214
765 0.0177313
766 0.0178826
767 0.0178921
768 0.0180937
769 0.0181044
770 0.0181417
771 0.0181533
772 0.0182806
773 0.0182912
774 0.0183251
775 0.0183351
776 0.0184167
777 0.0184267
778 0.018461
779 0.0184711
780 0.018529
781 0.018539
782 0.0185733
783 0.0185834
784 0.0186896
785 0.0186998
786 0.0187932
787 0.018804
788 0.0188625
789 0.0188727
790 0.0189073
791 0.0189175
792 0.0190007
793 0.0190109
794 0.0190913
795 0.0191022
796 0.0192257
797 0.0192366
798 0.0192716
799 0.0192819
800 0.0194145
801 0.0194249
802 0.01946
803 0.0194704
804 0.0195302
805 0.0195405
806 0.0196669
807 0.0196779
808 0.0197626
809 0.019773
810 0.0198086
811 0.0198191
812 0.0198794
813 0.0198899
814 0.0199257
815 0.0199362
816 0.0200467
817 0.0200572
818 0.020093
819 0.0201037
820 0.0201648
821 0.0201754
822 0.0202114
823 0.020222
824 0.0203087
825 0.0203193
826 0.020354
827 0.0203646
828 0.020426
829 0.0204367
830 0.0204729
831 0.0204836
832 0.0206472
833 0.0206578
834 0.0206944
835 0.0207051
836 0.0207674
837 0.0207782
838 0.0208149
839 0.0208256
840 0.0209138
841 0.0209246
842 0.0209615
843 0.0209723
844 0.0210349
845 0.0210457
846 0.0210827
847 0.0210936
848 0.0212364
849 0.0212479
850 0.0212846
851 0.0212955
852 0.021362
853 0.0213729
854 0.0214102
855 0.0214212
856 0.0215104
857 0.0215214
858 0.0215589
859 0.0215699
860 0.0216335
861 0.0216446
862 0.0216822
863 0.0216932
864 0.0218362
865 0.0218473
866 0.0218851
867 0.0218962
868 0.0220469
869 0.0220587
870 0.0220964
871 0.0221076
872 0.0222078
873 0.0222217
874 0.0222595
875 0.0222707
876 0.0223358
877 0.0223471
878 0.0223855
879 0.0223967
880 0.0225154
881 0.0225267
882 0.0225651
883 0.0225764
884 0.0226418
885 0.0226532
886 0.0226918
887 0.0227032
888 0.0227958
889 0.0228071
890 0.022846
891 0.0228574
892 0.0229256
893 0.0229386
894 0.0231717
895 0.0231825
896 0.0233848
897 0.0233963
898 0.0234354
899 0.023447
900 0.0235138
901 0.0235254
902 0.0235648
903 0.0235764
904 0.0236709
905 0.0236826
906 0.023722
907 0.0237336
908 0.023801
909 0.0238127
910 0.0238523
911 0.023864
912 0.023987
913 0.0239987
914 0.0240385
915 0.0240503
916 0.0241182
917 0.02413
918 0.0241998
919 0.0242121
920 0.0243069
921 0.0243186
922 0.0243588
923 0.0243705
924 0.0244388
925 0.0244507
926 0.024491
927 0.0245028
928 0.0246561
929 0.024668
930 0.0247084
931 0.0247203
932 0.0247893
933 0.0248013
934 0.0248419
935 0.0248538
936 0.0249515
937 0.0249635
938 0.0250043
939 0.0250163
940 0.0250857
941 0.0250977
942 0.0251386
943 0.0251506
944 0.0252777
945 0.0252898
946 0.0253308
947 0.0253429
948 0.0254114
949 0.0254235
950 0.0254646
951 0.0254768
952 0.025576
953 0.0255882
954 0.0256296
955 0.0256417
956 0.0257122
957 0.0257244
958 0.025766
959 0.0257783
960 0.0262758
961 0.0262889
962 0.0263306
963 0.0263429
964 0.0264143
965 0.0264266
966 0.0264687
967 0.026481
968 0.026582
969 0.0265944
970 0.0266365
971 0.0266489
972 0.0267209
973 0.0267333
974 0.0267754
975 0.0267878
976 0.0269192
977 0.0269317
978 0.0269742
979 0.026987
980 0.0270594
981 0.0270719
982 0.0271146
983 0.0271271
984 0.0272295
985 0.027242
986 0.0272848
987 0.0272974
988 0.0273703
989 0.0273828
990 0.0274259
991 0.0274385
992 0.0276178
993 0.0276311
994 0.0276741
995 0.0276868
996 0.0277602
997 0.0277729
998 0.0278162
999 0.0278289
1000 0.027933
1001 0.0279458
1002 0.0279892
1003 0.028002
1004 0.0280763
1005 0.0280891
1006 0.0281327
1007 0.0281455
1008 0.0282811
1009 0.0282939
1010 0.0283377
1011 0.0283506
1012 0.0284251
1013 0.028438
1014 0.028482
1015 0.0284949
1016 0.0286248
1017 0.0286378
1018 0.0286819
1019 0.0286949
1020 0.0287702
1021 0.0287832
1022 0.0288275
1023 0.0288406
1024 0.029543
1025 0.0295896
1026 0.0296346
1027 0.0296477
1028 0.0297234
1029 0.0297365
1030 0.0297811
1031 0.0297942
1032 0.0299017
1033 0.0299148
1034 0.0299597
1035 0.0299728
1036 0.0300595
1037 0.030073
1038 0.030123
1039 0.030139
1040 0.0302794
1041 0.0302926
1042 0.0303379
1043 0.0303511
1044 0.030428
1045 0.0304413
1046 0.0304867
1047 0.0305
1048 0.0306092
1049 0.0306225
1050 0.0306678
1051 0.0306952
1052 0.0307729
1053 0.0307863
1054 0.0308318
1055 0.0308452
1056 0.0310194
1057 0.0310329
1058 0.0310788
1059 0.0310922
1060 0.0311705
1061 0.031184
1062 0.03123
1063 0.0312435
1064 0.0313542
1065 0.0313678
1066 0.0314139
1067 0.0314275
1068 0.0315061
1069 0.0315196
1070 0.0315678
1071 0.0315814
1072 0.0317256
1073 0.0317393
1074 0.0317858
1075 0.0317995
1076 0.0318787
1077 0.0318924
1078 0.0319404
1079 0.0319541
1080 0.0320666
1081 0.0320804
1082 0.0321273
1083 0.032141
1084 0.0322209
1085 0.0322347
1086 0.0322817
1087 0.0322955
1088 0.0325079
1089 0.0325217
1090 0.0325689
1091 0.0325827
1092 0.0326634
1093 0.0326773
1094 0.0327247
1095 0.0327386
1096 0.0328527
1097 0.0328666
1098 0.0329141
1099 0.032928
1100 0.0330089
1101 0.0330229
1102 0.0330706
1103 0.0330846
1104 0.0332329
1105 0.0332469
1106 0.0332947
1107 0.0333087
1108 0.0333905
1109 0.0334045
1110 0.0334525
1111 0.0334666
1112 0.0336135
1113 0.0336277
1114 0.0336763
1115 0.0336905
1116 0.0337725
1117 0.0337867
1118 0.0338351
1119 0.0338492
1120 0.0340335
1121 0.0340477
1122 0.0340963
1123 0.0341105
1124 0.0341932
1125 0.0342075
1126 0.0342563
1127 0.0342706
1128 0.0343878
1129 0.0344022
1130 0.034451
1131 0.0344654
1132 0.0345487
1133 0.0345631
1134 0.0346122
1135 0.0346266
1136 0.0347792
1137 0.0347936
1138 0.034843
1139 0.0348575
1140 0.0349415
1141 0.0349559
1142 0.0350053
1143 0.0350197
1144 0.0351381
1145 0.0351527
1146 0.0352022
1147 0.0352168
1148 0.0353013
1149 0.0353159
1150 0.0353656
1151 0.0353802
1152 0.0356396
1153 0.0356542
1154 0.0357042
1155 0.0357188
1156 0.0358038
1157 0.0358185
1158 0.0358686
1159 0.0358833
1160 0.0361176
1161 0.036136
1162 0.0361914
1163 0.036206
1164 0.03629
1165 0.0363048
1166 0.0363551
1167 0.0363699
1168 0.0365267
1169 0.0365416
1170 0.0365923
1171 0.0366072
1172 0.0366935
1173 0.0367084
1174 0.0367591
1175 0.036774
1176 0.0369448
1177 0.0369608
1178 0.0370171
1179 0.0370347
1180 0.0371216
1181 0.0371366
1182 0.0371877
1183 0.0372028
1184 0.0373976
1185 0.0374127
1186 0.0374641
1187 0.0374792
1188 0.0375667
1189 0.0375818
1190 0.0376333
1191 0.0376484
1192 0.0377723
1193 0.0377874
1194 0.0378392
1195 0.0378543
1196 0.0379424
1197 0.0379575
1198 0.0380094
1199 0.0380246
1200 0.0381855
1201 0.0382007
1202 0.0382527
1203 0.038268
1204 0.0383563
1205 0.0383716
1206 0.0384237
1207 0.038439
1208 0.0385644
1209 0.0385797
1210 0.038632
1211 0.0386473
1212 0.0387363
1213 0.0387517
1214 0.0388042
1215 0.0388196
1216 0.0390564
1217 0.0390718
1218 0.0392247
1219 0.0392449
1220 0.0394873
1221 0.0395054
1222 0.0395672
1223 0.0395808
1224 0.0398496
1225 0.0398638
1226 0.0399128
1227 0.0399264
1228 0.0400105
1229 0.040024
1230 0.0400751
1231 0.0400907
1232 0.0403453
1233 0.0403646
1234 0.0404272
1235 0.0404435
1236 0.0405479
1237 0.0405651
1238 0.0406313
1239 0.04065
1240 0.0407994
1241 0.0408164
1242 0.0408792
1243 0.0408965
1244 0.0410012
1245 0.0410185
1246 0.0410803
1247 0.0410973
1248 0.0413377
1249 0.0413543
1250 0.0414135
1251 0.041432
1252 0.0415373
1253 0.0415546
1254 0.041615
1255 0.0416319
1256 0.0417819
1257 0.041799
1258 0.041862
1259 0.04188
1260 0.0419823
1261 0.0419996
1262 0.0420668
1263 0.042086
1264 0.0422778
1265 0.0422939
1266 0.0423488
1267 0.0423665
1268 0.042807
1269 0.0428216
1270 0.0428723
1271 0.0428863
1272 0.0431295
1273 0.0431475
1274 0.0432083
1275 0.0432224
1276 0.043312
1277 0.0433282
1278 0.0434313
1279 0.043446
1280 0.0437701
1281 0.0437863
1282 0.0438416
1283 0.0438578
1284 0.0439614
1285 0.0439811
1286 0.0440419
1287 0.0440562
1288 0.0441838
1289 0.0442001
1290 0.0442558
1291 0.0442721
1292 0.0443671
1293 0.0443834
1294 0.0444392
1295 0.0444557
1296 0.0446294
1297 0.0446459
1298 0.0447018
1299 0.0447183
1300 0.0448138
1301 0.0448302
1302 0.0448864
1303 0.044903
1304 0.0450382
1305 0.0450548
1306 0.0451111
1307 0.0451445
1308 0.0452405
1309 0.0452571
1310 0.0453137
1311 0.0453303
1312 0.0455493
1313 0.0455659
1314 0.0456406
1315 0.0456578
1316 0.0457543
1317 0.0457709
1318 0.0458277
1319 0.0458444
1320 0.0459811
1321 0.0459977
1322 0.0460547
1323 0.0460714
1324 0.0461686
1325 0.0461852
1326 0.0462424
1327 0.0462591
1328 0.0464367
1329 0.0464534
1330 0.0465107
1331 0.0465275
1332 0.0466253
1333 0.0466421
1334 0.0466995
1335 0.0467164
1336 0.0468547
1337 0.0468715
1338 0.0469292
1339 0.0469461
1340 0.0470441
1341 0.0470611
1342 0.0471188
1343 0.0471358
1344 0.047397
1345 0.047414
1346 0.047472
1347 0.047489
1348 0.047588
1349 0.047605
1350 0.0476631
1351 0.0476802
1352 0.0478202
1353 0.0478373
1354 0.0478956
1355 0.0479127
1356 0.048012
1357 0.0480291
1358 0.0480875
1359 0.0481046
1360 0.0482867
1361 0.0483038
1362 0.0483632
1363 0.0483838
1364 0.0484889
1365 0.0485061
1366 0.0485648
1367 0.0485821
1368 0.0487239
1369 0.0487412
1370 0.0488072
1371 0.0488266
1372 0.0489402
1373 0.0489591
1374 0.049025
1375 0.0490443
1376 0.0493721
1377 0.0493921
1378 0.0494678
1379 0.0494869
1380 0.0496059
1381 0.0496245
1382 0.0496941
1383 0.0497139
1384 0.0500281
1385 0.050049
1386 0.0501217
1387 0.0501404
1388 0.0502472
1389 0.0502647
1390 0.0503245
1391 0.0503421
1392 0.0505315
1393 0.0505491
1394 0.0506091
1395 0.0506267
1396 0.0507291
1397 0.0507468
1398 0.0508069
1399 0.0508247
1400 0.0509839
1401 0.0510034
1402 0.0510662
1403 0.0510839
1404 0.0511868
1405 0.0512045
1406 0.0513002
1407 0.0513175
1408 0.0516336
1409 0.0516513
1410 0.0517121
1411 0.0517299
1412 0.0519416
1413 0.0519601
1414 0.052021
1415 0.0520389
1416 0.0521856
1417 0.0522035
1418 0.0522645
1419 0.0522824
1420 0.0523864
1421 0.0524043
1422 0.0524655
1423 0.0524835
1424 0.052674
1425 0.052692
1426 0.0528271
1427 0.0528435
1428 0.0529457
1429 0.0529637
1430 0.0530252
1431 0.0530432
1432 0.0531914
1433 0.0532095
1434 0.0532711
1435 0.0532892
1436 0.0533945
1437 0.0534126
1438 0.0534745
1439 0.0534926
1440 0.0537288
1441 0.053747
1442 0.0538091
1443 0.0538273
1444 0.053933
1445 0.0539511
1446 0.0540133
1447 0.0540317
1448 0.0541817
1449 0.0541999
1450 0.0542622
1451 0.0542805
1452 0.0543867
1453 0.054405
1454 0.0544676
1455 0.0544859
1456 0.0546805
1457 0.0546989
1458 0.0547616
1459 0.05478
1460 0.0548871
1461 0.0549055
1462 0.0549684
1463 0.0549868
1464 0.0551381
1465 0.0551566
1466 0.0552197
1467 0.0552381
1468 0.0553456
1469 0.0553642
1470 0.0554274
1471 0.0554459
1472 0.0557315
1473 0.0557501
1474 0.0558135
1475 0.0558321
1476 0.0559403
1477 0.0559589
1478 0.0560224
1479 0.0560411
1480 0.0562217
1481 0.0562385
1482 0.0562999
1483 0.0564684
1484 0.0565737
1485 0.0565899
1486 0.0566514
1487 0.0566701
1488 0.056975
1489 0.0569922
1490 0.0570576
1491 0.0570773
1492 0.0571917
1493 0.0572105
1494 0.0572746
1495 0.0572934
1496 0.0574515
1497 0.0574704
1498 0.0575348
1499 0.0575537
1500 0.0576635
1501 0.0576824
1502 0.057747
1503 0.0578083
1504 0.058081
1505 0.0581
1506 0.0581646
1507 0.0581836
1508 0.058294
1509 0.058313
1510 0.0583779
1511 0.058397
1512 0.0588336
1513 0.0588508
1514 0.0589109
1515 0.0589275
1516 0.059036
1517 0.0590551
1518 0.0592013
1519 0.0592248
1520 0.0594381
1521 0.0594579
1522 0.0595232
1523 0.0595425
1524 0.059654
1525 0.0596732
1526 0.0597387
1527 0.059758
1528 0.0599157
1529 0.0599349
1530 0.0600009
1531 0.0600201
1532 0.060132
1533 0.0601513
1534 0.0602171
1535 0.0602366
1536 0.0606737
1537 0.0606931
1538 0.0607603
1539 0.0607797
1540 0.0608934
1541 0.0609128
1542 0.0609791
1543 0.0609986
1544 0.0611582
1545 0.0611776
1546 0.0612441
1547 0.0612635
1548 0.0613768
1549 0.0613963
1550 0.0614629
1551 0.0614824
1552 0.061782
1553 0.0618158
1554 0.0618831
1555 0.0619027
1556 0.0620164
1557 0.062036
1558 0.062103
1559 0.0621226
1560 0.0622838
1561 0.0623034
1562 0.0623705
1563 0.0624149
1564 0.0625293
1565 0.062549
1566 0.0627046
1567 0.0627242
1568 0.0629755
1569 0.0629952
1570 0.0630626
1571 0.0630824
1572 0.0631975
1573 0.0632173
1574 0.0632849
1575 0.0633047
1576 0.0634678
1577 0.0634876
1578 0.0635554
1579 0.0635752
1580 0.0637505
1581 0.0637684
1582 0.0639208
1583 0.0639397
1584 0.0641658
1585 0.0641858
1586 0.0642537
1587 0.0642736
1588 0.0643897
1589 0.0644097
1590 0.0644787
1591 0.0644988
1592 0.0646633
1593 0.0646834
1594 0.0647519
1595 0.0647719
1596 0.0649042
1597 0.0649252
1598 0.0649913
1599 0.0650114
1600 0.0653217
1601 0.0653419
1602 0.0654107
1603 0.0654308
1604 0.0655482
1605 0.0655684
1606 0.0656374
1607 0.0656577
1608 0.0658237
1609 0.0658439
1610 0.0659131
1611 0.0659333
1612 0.0660512
1613 0.0660715
1614 0.0661408
1615 0.0661612
1616 0.0663772
1617 0.0663975
1618 0.0664669
1619 0.0664873
1620 0.0666058
1621 0.0666262
1622 0.0666958
1623 0.0667162
1624 0.0668839
1625 0.0669188
1626 0.0669892
1627 0.0670096
1628 0.0671284
1629 0.0671488
1630 0.0672187
1631 0.0672392
1632 0.067506
1633 0.0675266
1634 0.0675967
1635 0.0676172
1636 0.0677514
1637 0.0677748
1638 0.0678566
1639 0.0678772
1640 0.0680468
1641 0.0680674
1642 0.0681379
1643 0.0681585
1644 0.0682786
1645 0.0682993
1646 0.0683697
1647 0.0683903
1648 0.068622
1649 0.0686457
1650 0.0687166
1651 0.0687373
1652 0.0688581
1653 0.0688788
1654 0.0689498
1655 0.0689706
1656 0.0692151
1657 0.069234
1658 0.069303
1659 0.0693238
1660 0.0694605
1661 0.0694819
1662 0.0695533
1663 0.0695742
1664 0.0699467
1665 0.0699676
1666 0.0700391
1667 0.07006
1668 0.070182
1669 0.070203
1670 0.0702747
1671 0.0702958
1672 0.0704685
1673 0.0704895
1674 0.0705613
1675 0.0705824
1676 0.0707049
1677 0.070726
1678 0.070798
1679 0.0709016
1680 0.0711397
1681 0.0711608
1682 0.071233
1683 0.0712541
1684 0.0713915
1685 0.0714132
1686 0.0715031
1687 0.0715282
1688 0.0717071
1689 0.0717305
1690 0.0718467
1691 0.0718698
1692 0.0720001
1693 0.0720186
1694 0.0720884
1695 0.0721097
1696 0.0723871
1697 0.0724083
1698 0.0724846
1699 0.072506
1700 0.0726403
1701 0.0726589
1702 0.0727396
1703 0.0727588
1704 0.0729318
1705 0.0729532
1706 0.0731894
1707 0.0732086
1708 0.0733278
1709 0.0733465
1710 0.0734234
1711 0.073446
1712 0.0736818
1713 0.0737033
1714 0.0737768
1715 0.0737983
1716 0.0739238
1717 0.0739453
1718 0.074019
1719 0.0740407
1720 0.0742183
1721 0.0742399
1722 0.0743138
1723 0.0743354
1724 0.0744614
1725 0.0744831
1726 0.074557
1727 0.0745788
1728 0.0749137
1729 0.0749354
1730 0.0750096
1731 0.0750313
1732 0.0751579
1733 0.0751797
1734 0.075254
1735 0.0752758
1736 0.0754549
1737 0.0757954
1738 0.0758686
1739 0.0758875
1740 0.076006
1741 0.076025
1742 0.0761324
1743 0.0761521
1744 0.0763819
1745 0.0764038
1746 0.0764784
1747 0.0765003
1748 0.0766279
1749 0.0766499
1750 0.0767248
1751 0.0767468
1752 0.0769275
1753 0.0769495
1754 0.0770245
1755 0.0770466
1756 0.0771747
1757 0.0771968
1758 0.0772723
1759 0.0772943
1760 0.0775819
1761 0.077604
1762 0.0776794
1763 0.0777015
1764 0.0779179
1765 0.0779379
1766 0.0780145
1767 0.0780386
1768 0.0782269
1769 0.0782491
1770 0.078325
1771 0.0783472
1772 0.0784766
1773 0.0784989
1774 0.0785748
1775 0.0785971
1776 0.0788435
1777 0.078866
1778 0.0789496
1779 0.078972
1780 0.0791019
1781 0.079201
1782 0.0792774
1783 0.0792998
1784 0.0794838
1785 0.0795061
1786 0.0795825
1787 0.0796049
1788 0.0797352
1789 0.0797576
1790 0.0798342
1791 0.0798568
1792 0.0803117
1793 0.0803342
1794 0.080411
1795 0.0804334
1796 0.0805786
1797 0.0806017
1798 0.0806788
1799 0.0807015
1800 0.0808872
1801 0.0809097
1802 0.0809869
1803 0.0810094
1804 0.0811411
1805 0.0811637
1806 0.081241
1807 0.0812638
1808 0.0815047
1809 0.0815273
1810 0.0816048
1811 0.0816275
1812 0.0817597
1813 0.0817824
1814 0.0818602
1815 0.0818829
1816 0.0820701
1817 0.0820928
1818 0.0821706
1819 0.0821934
1820 0.0823262
1821 0.082349
1822 0.082427
1823 0.0824498
1824 0.0827479
1825 0.0827707
1826 0.0828489
1827 0.0828718
1828 0.0830052
1829 0.0830281
1830 0.0831064
1831 0.0831293
1832 0.0833182
1833 0.0833412
1834 0.0834197
1835 0.0834427
1836 0.0835766
1837 0.0835996
1838 0.0836783
1839 0.0837013
1840 0.0839462
1841 0.0839693
1842 0.0840481
1843 0.0840712
1844 0.0842057
1845 0.0842288
1846 0.0843078
1847 0.0843309
1848 0.0845213
1849 0.0845445
1850 0.0846237
1851 0.0846468
1852 0.0847819
1853 0.0848739
1854 0.0849609
1855 0.0849866
1856 0.0853434
1857 0.0853667
1858 0.0854462
1859 0.0854695
1860 0.0856052
1861 0.0856286
1862 0.0857145
1863 0.0857382
1864 0.0859352
1865 0.0859586
1866 0.0860384
1867 0.0860618
1868 0.0861978
1869 0.0862182
1870 0.0862953
1871 0.0863187
1872 0.0865683
1873 0.0865887
1874 0.0866658
1875 0.0866893
1876 0.086826
1877 0.0868495
1878 0.0869299
1879 0.0869534
1880 0.0871471
1881 0.0871676
1882 0.0872451
1883 0.0872687
1884 0.087406
1885 0.0874296
1886 0.0875353
1887 0.0875596
1888 0.0878678
1889 0.0878914
1890 0.0879723
1891 0.087996
1892 0.0881339
1893 0.0881576
1894 0.0882385
1895 0.0882622
1896 0.0884576
1897 0.0884814
1898 0.0885625
1899 0.0885863
1900 0.0887248
1901 0.0887486
1902 0.0888331
1903 0.0888595
1904 0.0891821
1905 0.0892118
1906 0.0893039
1907 0.0893255
1908 0.0894615
1909 0.0894882
1910 0.0895705
1911 0.0895944
1912 0.0899254
1913 0.0899469
1914 0.0900258
1915 0.0900498
1916 0.0901894
1917 0.0902134
1918 0.0902954
1919 0.0903195
1920 0.0907486
1921 0.0907727
1922 0.0908551
1923 0.0908792
1924 0.0910195
1925 0.0910436
1926 0.091126
1927 0.0911502
1928 0.0913488
1929 0.091373
1930 0.0914557
1931 0.0914799
1932 0.0916207
1933 0.0916449
1934 0.0917277
1935 0.091752
1936 0.0921044
1937 0.0921293
1938 0.0922124
1939 0.0922366
1940 0.092378
1941 0.0924024
1942 0.0924888
1943 0.0925131
1944 0.0927134
1945 0.0927421
1946 0.0928352
1947 0.0928615
1948 0.0930037
1949 0.0930281
1950 0.0931115
1951 0.0931359
1952 0.0934858
1953 0.0935108
1954 0.0935944
1955 0.0936189
1956 0.0937614
1957 0.0937859
1958 0.0938696
1959 0.0938941
1960 0.0940959
1961 0.0941205
1962 0.0942045
1963 0.0942291
1964 0.0943722
1965 0.0943968
1966 0.0944808
1967 0.0945054
1968 0.0947674
1969 0.0947921
1970 0.0948763
1971 0.0949009
1972 0.0950446
1973 0.0950693
1974 0.0951537
1975 0.0951784
1976 0.0953819
1977 0.0954066
1978 0.0954912
1979 0.0955159
1980 0.0956601
1981 0.0956849
1982 0.0957695
1983 0.0957943
1984 0.0961778
1985 0.0962026
1986 0.0962875
1987 0.0963123
1988 0.0964572
1989 0.096482
1990 0.0965671
1991 0.096592
1992 0.0967971
1993 0.0968221
1994 0.0969795
1995 0.0970018
1996 0.097144
1997 0.097169
1998 0.0972546
1999 0.0972796
2000 0.0975586
2001 0.0975842
2002 0.0976697
2003 0.0976947
2004 0.0978406
2005 0.0978657
2006 0.0979514
2007 0.0979765
2008 0.0981831
2009 0.0982082
2010 0.0982941
2011 0.0983192
2012 0.0984656
2013 0.0984908
2014 0.0985768
2015 0.098602
2016 0.0990125
2017 0.0990387
2018 0.0991549
2019 0.0991802
2020 0.0993276
2021 0.0993529
2022 0.0994391
2023 0.0994644
2024 0.099703
2025 0.0997342
2026 0.0998339
2027 0.0998561
2028 0.100001
2029 0.100026
2030 0.100112
2031 0.100138
2032 0.100408
2033 0.100434
2034 0.100521
2035 0.100546
2036 0.100694
2037 0.10072
2038 0.100807
2039 0.100832
2040 0.101042
2041 0.101068
2042 0.101193
2043 0.101218
2044 0.101368
2045 0.101393
2046 0.101481
2047 0.101506
2048 0.102239
2049 0.102329
2050 0.102417
2051 0.102443
2052 0.102593
2053 0.102618
2054 0.102706
2055 0.102732
2056 0.102944
2057 0.102969
2058 0.103057
2059 0.103083
2060 0.103233
2061 0.103259
2062 0.103347
2063 0.103373
2064 0.103671
2065 0.103698
2066 0.103786
2067 0.103811
2068 0.103962
2069 0.103988
2070 0.104076
2071 0.104102
2072 0.104319
2073 0.104345
2074 0.104434
2075 0.10446
2076 0.104611
2077 0.104637
2078 0.104726
2079 0.104752
2080 0.105124
2081 0.105157
2082 0.105245
2083 0.105271
2084 0.105422
2085 0.105449
2086 0.105538
2087 0.105564
2088 0.105875
2089 0.105901
2090 0.106002
2091 0.106026
2092 0.106175
2093 0.106201
2094 0.106291
2095 0.106441
2096 0.10672
2097 0.10675
2098 0.106846
2099 0.106869
2100 0.107018
2101 0.107045
2102 0.107134
2103 0.107161
2104 0.107378
2105 0.107404
2106 0.107494
2107 0.107522
2108 0.107677
2109 0.107704
2110 0.107794
2111 0.10782
2112 0.108228
2113 0.108255
2114 0.108345
2115 0.108371
2116 0.108526
2117 0.108552
2118 0.108643
2119 0.108669
2120 0.108887
2121 0.108914
2122 0.109005
2123 0.109031
2124 0.109215
2125 0.109242
2126 0.109333
2127 0.109359
2128 0.109643
2129 0.109669
2130 0.10976
2131 0.109787
2132 0.109975
2133 0.110003
2134 0.110094
2135 0.11012
2136 0.110341
2137 0.110367
2138 0.110458
2139 0.110488
2140 0.110644
2141 0.110671
2142 0.110763
2143 0.110789
2144 0.111139
2145 0.111166
2146 0.111257
2147 0.111284
2148 0.111441
2149 0.111467
2150 0.111559
2151 0.111586
2152 0.111808
2153 0.111834
2154 0.111926
2155 0.111953
2156 0.11211
2157 0.112137
2158 0.112229
2159 0.112256
2160 0.112543
2161 0.11257
2162 0.112663
2163 0.11269
2164 0.112923
2165 0.112953
2166 0.113051
2167 0.113078
2168 0.113301
2169 0.113328
2170 0.11342
2171 0.113447
2172 0.113606
2173 0.113633
2174 0.113733
2175 0.11376
2176 0.11427
2177 0.114298
2178 0.114391
2179 0.114418
2180 0.114577
2181 0.114604
2182 0.114697
2183 0.114725
2184 0.11495
2185 0.114977
2186 0.115079
2187 0.115108
2188 0.115284
2189 0.115311
2190 0.115404
2191 0.115432
2192 0.115723
2193 0.115751
2194 0.115844
2195 0.115872
2196 0.116032
2197 0.116059
2198 0.116153
2199 0.11618
2200 0.116407
2201 0.116434
2202 0.116528
2203 0.116556
2204 0.116716
2205 0.116744
2206 0.116838
2207 0.116866
2208 0.117226
2209 0.117253
2210 0.117348
2211 0.117375
2212 0.117536
2213 0.117564
2214 0.117658
2215 0.117686
2216 0.117914
2217 0.117942
2218 0.118054
2219 0.118082
2220 0.118245
2221 0.118276
2222 0.118383
2223 0.118411
2224 0.118707
2225 0.118735
2226 0.11883
2227 0.118858
2228 0.11902
2229 0.119048
2230 0.11917
2231 0.119198
2232 0.119428
2233 0.119456
2234 0.119575
2235 0.119604
2236 0.119837
2237 0.119862
2238 0.119966
2239 0.119991
2240 0.12042
2241 0.120448
2242 0.120547
2243 0.120575
2244 0.12075
2245 0.120782
2246 0.120878
2247 0.120906
2248 0.121138
2249 0.121166
2250 0.121262
2251 0.12129
2252 0.121454
2253 0.121482
2254 0.121578
2255 0.121606
2256 0.121949
2257 0.121978
2258 0.122075
2259 0.122103
2260 0.12228
2261 0.122305
2262 0.122399
2263 0.122427
2264 0.122663
2265 0.122692
2266 0.122788
2267 0.122816
2268 0.123123
2269 0.12315
2270 0.123242
2271 0.123266
2272 0.123633
2273 0.123661
2274 0.123758
2275 0.123787
2276 0.123952
2277 0.123981
2278 0.124078
2279 0.124106
2280 0.124341
2281 0.12437
2282 0.124467
2283 0.124495
2284 0.124662
2285 0.12469
2286 0.124788
2287 0.124816
2288 0.12512
2289 0.125149
2290 0.125247
2291 0.125275
2292 0.125442
2293 0.125471
2294 0.125569
2295 0.125597
2296 0.125833
2297 0.125862
2298 0.12596
2299 0.125989
2300 0.126156
2301 0.126185
2302 0.126283
2303 0.126312
2304 0.127033
2305 0.127062
2306 0.12716
2307 0.127189
2308 0.127357
2309 0.127386
2310 0.127484
2311 0.127513
2312 0.127762
2313 0.127793
2314 0.127894
2315 0.127923
2316 0.128092
2317 0.128121
2318 0.12822
2319 0.128249
2320 0.128557
2321 0.128586
2322 0.128686
2323 0.128715
2324 0.128884
2325 0.128913
2326 0.129012
2327 0.129041
2328 0.129325
2329 0.129354
2330 0.129454
2331 0.129483
2332 0.129653
2333 0.129682
2334 0.129782
2335 0.129811
2336 0.130192
2337 0.130221
2338 0.130321
2339 0.13035
2340 0.13052
2341 0.130549
2342 0.130649
2343 0.130679
2344 0.130934
2345 0.130964
2346 0.131064
2347 0.131093
2348 0.131264
2349 0.131293
2350 0.1314
2351 0.131431
2352 0.131764
2353 0.131794
2354 0.131894
2355 0.131923
2356 0.132095
2357 0.132124
2358 0.132225
2359 0.132254
2360 0.132497
2361 0.132526
2362 0.132627
2363 0.132657
2364 0.132829
2365 0.132858
2366 0.132959
2367 0.132989
2368 0.133446
2369 0.133475
2370 0.133577
2371 0.133606
2372 0.133853
2373 0.133887
2374 0.133994
2375 0.134023
2376 0.134268
2377 0.134297
2378 0.134399
2379 0.134429
2380 0.134602
2381 0.134632
2382 0.134749
2383 0.134779
2384 0.135108
2385 0.135136
2386 0.135236
2387 0.135266
2388 0.135439
2389 0.135469
2390 0.135593
2391 0.135623
2392 0.135869
2393 0.135899
2394 0.136001
2395 0.136031
2396 0.136205
2397 0.136235
2398 0.136337
2399 0.136367
2400 0.136758
2401 0.136788
2402 0.136891
2403 0.136921
2404 0.137095
2405 0.137125
2406 0.137228
2407 0.137258
2408 0.137505
2409 0.137536
2410 0.137638
2411 0.137668
2412 0.137924
2413 0.137952
2414 0.138047
2415 0.138073
2416 0.138383
2417 0.138413
2418 0.138516
2419 0.138546
2420 0.138722
2421 0.138753
2422 0.138856
2423 0.138886
2424 0.139171
2425 0.139197
2426 0.139293
2427 0.139319
2428 0.139505
2429 0.139532
2430 0.139632
2431 0.139662
2432 0.140211
2433 0.140244
2434 0.14036
2435 0.140392
2436 0.140598
2437 0.140634
2438 0.140752
2439 0.140787
2440 0.141077
2441 0.14111
2442 0.141236
2443 0.141269
2444 0.141478
2445 0.141515
2446 0.141637
2447 0.14167
2448 0.142069
2449 0.142105
2450 0.142234
2451 0.142272
2452 0.142493
2453 0.142531
2454 0.142663
2455 0.1427
2456 0.143007
2457 0.143042
2458 0.143164
2459 0.143198
2460 0.143409
2461 0.143443
2462 0.143572
2463 0.143607
2464 0.144056
2465 0.144084
2466 0.144185
2467 0.144215
2468 0.144395
2469 0.144426
2470 0.144531
2471 0.144562
2472 0.144826
2473 0.144856
2474 0.144962
2475 0.144992
2476 0.145172
2477 0.145203
2478 0.145309
2479 0.14534
2480 0.145669
2481 0.1457
2482 0.145806
2483 0.145837
2484 0.146018
2485 0.146049
2486 0.146154
2487 0.146185
2488 0.146441
2489 0.146472
2490 0.146582
2491 0.146613
2492 0.146794
2493 0.146825
2494 0.146931
2495 0.146962
2496 0.147513
2497 0.147545
2498 0.147651
2499 0.147682
2500 0.147864
2501 0.147895
2502 0.148002
2503 0.148033
2504 0.14829
2505 0.148321
2506 0.148428
2507 0.148459
2508 0.148642
2509 0.148673
2510 0.14878
2511 0.148811
2512 0.14925
2513 0.149278
2514 0.149382
2515 0.149409
2516 0.149588
2517 0.149619
2518 0.149727
2519 0.149758
2520 0.150017
2521 0.150048
2522 0.150156
2523 0.150187
2524 0.15039
2525 0.15042
2526 0.150537
2527 0.150573
2528 0.151071
2529 0.151099
2530 0.151203
2531 0.151234
2532 0.151424
2533 0.151456
2534 0.151563
2535 0.151595
2536 0.151856
2537 0.151887
2538 0.151996
2539 0.152027
2540 0.152212
2541 0.152244
2542 0.152352
2543 0.152384
2544 0.152721
2545 0.152753
2546 0.152862
2547 0.152893
2548 0.153078
2549 0.15311
2550 0.153219
2551 0.153251
2552 0.153537
2553 0.153569
2554 0.153678
2555 0.15371
2556 0.153895
2557 0.153927
2558 0.154036
2559 0.154068
2560 0.154793
2561 0.154825
2562 0.154951
2563 0.154984
2564 0.15517
2565 0.155202
2566 0.155312
2567 0.155344
2568 0.155608
2569 0.15564
2570 0.155749
2571 0.155781
2572 0.155968
2573 0.156
2574 0.15611
2575 0.156142
2576 0.156484
2577 0.156516
2578 0.156638
2579 0.156667
2580 0.156846
2581 0.156874
2582 0.156983
2583 0.157011
2584 0.157291
2585 0.157324
2586 0.157433
2587 0.157466
2588 0.157675
2589 0.157705
2590 0.157816
2591 0.157849
2592 0.158323
2593 0.158356
2594 0.158467
2595 0.158499
2596 0.158691
2597 0.158723
2598 0.158834
2599 0.158866
2600 0.159189
2601 0.159221
2602 0.159332
2603 0.159364
2604 0.159554
2605 0.159586
2606 0.159697
2607 0.159729
2608 0.160077
2609 0.16011
2610 0.160221
2611 0.160253
2612 0.160443
2613 0.160475
2614 0.160587
2615 0.160619
2616 0.160888
2617 0.160921
2618 0.161032
2619 0.161065
2620 0.161255
2621 0.161288
2622 0.161399
2623 0.161461
2624 0.161966
2625 0.161998
2626 0.16211
2627 0.162144
2628 0.162356
2629 0.162388
2630 0.1625
2631 0.162533
2632 0.162803
2633 0.162836
2634 0.162948
2635 0.162981
2636 0.163173
2637 0.163206
2638 0.163318
2639 0.163351
2640 0.163701
2641 0.163734
2642 0.163847
2643 0.163879
2644 0.164071
2645 0.164104
2646 0.164217
2647 0.16425
2648 0.164522
2649 0.164555
2650 0.164668
2651 0.164701
2652 0.164914
2653 0.164947
2654 0.165066
2655 0.165096
2656 0.165539
2657 0.165568
2658 0.165673
2659 0.165702
2660 0.165891
2661 0.165927
2662 0.166032
2663 0.166061
2664 0.166326
2665 0.166359
2666 0.166473
2667 0.166506
2668 0.1667
2669 0.166733
2670 0.166847
2671 0.16688
2672 0.167235
2673 0.167268
2674 0.167382
2675 0.167415
2676 0.16761
2677 0.167643
2678 0.167757
2679 0.167791
2680 0.168125
2681 0.168159
2682 0.168274
2683 0.168307
2684 0.168502
2685 0.168535
2686 0.168649
2687 0.168683
2688 0.169315
2689 0.169348
2690 0.169488
2691 0.169522
2692 0.169718
2693 0.169751
2694 0.169866
2695 0.169899
2696 0.170176
2697 0.17021
2698 0.170325
2699 0.170358
2700 0.170555
2701 0.170588
2702 0.170703
2703 0.170737
2704 0.171095
2705 0.171129
2706 0.171244
2707 0.171278
2708 0.171482
2709 0.171517
2710 0.171637
2711 0.171678
2712 0.171983
2713 0.172013
2714 0.17212
2715 0.172149
2716 0.172333
2717 0.172363
2718 0.172469
2719 0.172499
2720 0.172934
2721 0.172967
2722 0.173083
2723 0.173117
2724 0.173315
2725 0.173349
2726 0.173465
2727 0.173499
2728 0.173779
2729 0.173813
2730 0.173929
2731 0.173963
2732 0.174162
2733 0.174196
2734 0.174312
2735 0.174346
2736 0.174739
2737 0.174773
2738 0.17489
2739 0.174924
2740 0.175123
2741 0.175157
2742 0.175274
2743 0.175308
2744 0.175589
2745 0.175623
2746 0.17574
2747 0.175774
2748 0.175974
2749 0.176008
2750 0.176125
2751 0.176159
2752 0.17669
2753 0.176724
2754 0.176841
2755 0.176875
2756 0.177075
2757 0.17711
2758 0.177227
2759 0.177261
2760 0.177544
2761 0.177579
2762 0.177696
2763 0.177731
2764 0.177931
2765 0.177966
2766 0.178084
2767 0.178118
2768 0.178533
2769 0.178576
2770 0.178699
2771 0.178729
2772 0.178951
2773 0.178983
2774 0.179096
2775 0.179186
2776 0.179483
2777 0.179518
2778 0.179636
2779 0.179671
2780 0.179899
2781 0.17993
2782 0.180044
2783 0.180079
2784 0.180532
2785 0.180566
2786 0.180685
2787 0.180719
2788 0.180922
2789 0.180956
2790 0.181146
2791 0.181178
2792 0.181462
2793 0.181497
2794 0.181615
2795 0.18165
2796 0.181853
2797 0.181888
2798 0.182007
2799 0.182042
2800 0.182413
2801 0.182448
2802 0.182568
2803 0.182602
2804 0.182806
2805 0.182841
2806 0.18296
2807 0.182995
2808 0.183283
2809 0.183318
2810 0.183438
2811 0.183473
2812 0.183677
2813 0.183712
2814 0.183831
2815 0.183866
2816 0.184578
2817 0.184614
2818 0.184737
2819 0.184772
2820 0.184977
2821 0.185012
2822 0.185166
2823 0.185203
2824 0.18552
2825 0.18556
2826 0.185695
2827 0.185731
2828 0.185952
2829 0.185995
2830 0.186116
2831 0.186146
2832 0.186508
2833 0.186544
2834 0.186667
2835 0.186698
2836 0.186899
2837 0.186934
2838 0.187055
2839 0.18709
2840 0.1874
2841 0.187435
2842 0.187556
2843 0.187592
2844 0.187798
2845 0.187833
2846 0.187954
2847 0.18799
2848 0.188453
2849 0.188489
2850 0.18861
2851 0.188645
2852 0.188852
2853 0.188888
2854 0.189009
2855 0.189044
2856 0.18937
2857 0.189405
2858 0.189527
2859 0.189562
2860 0.18977
2861 0.189806
2862 0.189927
2863 0.189963
2864 0.190343
2865 0.190379
2866 0.190522
2867 0.190648
2868 0.191015
2869 0.19107
2870 0.191266
2871 0.191321
2872 0.191815
2873 0.191869
2874 0.192067
2875 0.192121
2876 0.192477
2877 0.192543
2878 0.192705
2879 0.192741
2880 0.193297
2881 0.193333
2882 0.193455
2883 0.193496
2884 0.193701
2885 0.193739
2886 0.193864
2887 0.1939
2888 0.194196
2889 0.194232
2890 0.194355
2891 0.194391
2892 0.194601
2893 0.194637
2894 0.194763
2895 0.194794
2896 0.195206
2897 0.195243
2898 0.195366
2899 0.195402
2900 0.195613
2901 0.195649
2902 0.195773
2903 0.195809
2904 0.196107
2905 0.196143
2906 0.196266
2907 0.196303
2908 0.196514
2909 0.19655
2910 0.196674
2911 0.19671
2912 0.197184
2913 0.19722
2914 0.197344
2915 0.19738
2916 0.197592
2917 0.197628
2918 0.197754
2919 0.197792
2920 0.198129
2921 0.198163
2922 0.198278
2923 0.19831
2924 0.198508
2925 0.198539
2926 0.198654
2927 0.198686
2928 0.199069
2929 0.199106
2930 0.199257
2931 0.199294
2932 0.199517
2933 0.199549
2934 0.199683
2935 0.199716
2936 0.200026
2937 0.200064
2938 0.200188
2939 0.200227
2940 0.200458
2941 0.20049
2942 0.200606
2943 0.200637
2944 0.201279
2945 0.201319
2946 0.201436
2947 0.201468
2948 0.201677
2949 0.201714
2950 0.201839
2951 0.201876
2952 0.202179
2953 0.202215
2954 0.202376
2955 0.202409
2956 0.20262
2957 0.202656
2958 0.202782
2959 0.202819
2960 0.203211
2961 0.203248
2962 0.203374
2963 0.203411
2964 0.203626
2965 0.203663
2966 0.203789
2967 0.203826
2968 0.204131
2969 0.204167
2970 0.204294
2971 0.204331
2972 0.204546
2973 0.204587
2974 0.204723
2975 0.204756
2976 0.205235
2977 0.205272
2978 0.205399
2979 0.205436
2980 0.205652
2981 0.205689
2982 0.205816
2983 0.20589
2984 0.206195
2985 0.206232
2986 0.206365
2987 0.206397
2988 0.206625
2989 0.206665
2990 0.206807
2991 0.20685
2992 0.207263
2993 0.207301
2994 0.207435
2995 0.207472
2996 0.207689
2997 0.207726
2998 0.207854
2999 0.207891
