0 1.3786e-05
1 1.7713e-05
2 2.0669e-05
3 2.3224e-05
4 2.5568e-05
5 2.7262e-05
6 2.8484e-05
7 2.9506e-05
8 3.0848e-05
9 3.3013e-05
10 3.4115e-05
11 3.5257e-05
12 3.6389e-05
13 3.7581e-05
14 3.8753e-05
15 3.9986e-05
16 4.1629e-05
17 4.4885e-05
18 4.6198e-05
19 4.754e-05
20 4.8863e-05
21 5.0205e-05
22 5.1568e-05
23 5.291e-05
24 5.4363e-05
25 5.5826e-05
26 5.7409e-05
27 5.8932e-05
28 6.0495e-05
29 6.2038e-05
30 6.3571e-05
31 6.5254e-05
32 6.7208e-05
33 7.1115e-05
34 7.2748e-05
35 7.4492e-05
36 7.6195e-05
37 7.7908e-05
38 7.9702e-05
39 8.1565e-05
40 8.3479e-05
41 8.5342e-05
42 8.7246e-05
43 8.915e-05
44 9.1143e-05
45 9.3037e-05
46 9.5061e-05
47 9.7095e-05
48 9.9129e-05
49 0.000101223
50 0.000103327
51 0.000105411
52 0.000107545
53 0.000109699
54 0.000111893
55 0.000114197
56 0.000116482
57 0.000118806
58 0.0001211
59 0.000123405
60 0.000125779
61 0.000128134
62 0.000130548
63 0.000132923
64 0.000136029
65 0.000216021
66 0.000218616
67 0.000221181
68 0.000223786
69 0.000226381
70 0.000229036
71 0.000231691
72 0.000234366
73 0.000237041
74 0.000239767
75 0.000242452
76 0.000245377
77 0.000248123
78 0.000251048
79 0.000253914
80 0.000256719
81 0.000259604
82 0.00026251
83 0.000265516
84 0.000268451
85 0.000271347
86 0.000274373
87 0.000277408
88 0.000280504
89 0.00028359
90 0.000286696
91 0.000289822
92 0.000292998
93 0.000296154
94 0.00029937
95 0.000302606
96 0.000305863
97 0.000309199
98 0.000312515
99 0.000315852
100 0.000319258
101 0.000322685
102 0.000326091
103 0.000329628
104 0.000333155
105 0.000336651
106 0.000340178
107 0.000343765
108 0.000347402
109 0.000351019
110 0.000354676
111 0.000358262
112 0.00036196
113 0.000365606
114 0.000369273
115 0.000372981
116 0.000376778
117 0.000380545
118 0.000384422
119 0.00038825
120 0.000392177
121 0.000396135
122 0.000400032
123 0.00040397
124 0.000407897
125 0.000411885
126 0.000416083
127 0.00042017
128 0.000425521
129 0.00043583
130 0.000440028
131 0.000444226
132 0.000448374
133 0.000452652
134 0.00045687
135 0.000461099
136 0.000465417
137 0.000469765
138 0.000474093
139 0.000478432
140 0.00048281
141 0.000487308
142 0.000491697
143 0.000496095
144 0.000500694
145 0.000505213
146 0.000509761
147 0.00051435
148 0.000519039
149 0.000523658
150 0.000528257
151 0.000532905
152 0.000537534
153 0.000542233
154 0.000546932
155 0.000551651
156 0.000556621
157 0.00056145
158 0.000566379
159 0.000571188
160 0.000576098
161 0.000580917
162 0.000585806
163 0.000590756
164 0.000595795
165 0.000600805
166 0.000606095
167 0.000611185
168 0.000616364
169 0.000621474
170 0.000626494
171 0.000631543
172 0.000636753
173 0.000641983
174 0.000647394
175 0.000652704
176 0.000657914
177 0.000663174
178 0.000668584
179 0.000674004
180 0.000679475
181 0.000685015
182 0.000690706
183 0.000696197
184 0.000701637
185 0.000707178
186 0.000712698
187 0.000718138
188 0.000723789
189 0.00072952
190 0.000735121
191 0.000740822
192 0.000746422
193 0.000752063
194 0.000758014
195 0.000763725
196 0.000769607
197 0.000775438
198 0.000781299
199 0.00078715
200 0.000793081
201 0.000799093
202 0.000805074
203 0.000811076
204 0.000817097
205 0.000823048
206 0.00082902
207 0.000835192
208 0.000841423
209 0.000847545
210 0.000853657
211 0.000859889
212 0.00086608
213 0.000872192
214 0.000878364
215 0.000884736
216 0.000891058
217 0.00089742
218 0.000903712
219 0.000910164
220 0.000916597
221 0.000923079
222 0.000929471
223 0.000935934
224 0.000942466
225 0.000949019
226 0.000955481
227 0.000962164
228 0.000968796
229 0.000975469
230 0.000982212
231 0.000988895
232 0.000995577
233 0.00100234
234 0.00100922
235 0.00101592
236 0.00102263
237 0.00102954
238 0.00103643
239 0.00104323
240 0.00105017
241 0.00105708
242 0.00106406
243 0.00107101
244 0.00107803
245 0.00108517
246 0.0010925
247 0.00109954
248 0.0011066
249 0.00111373
250 0.00112098
251 0.00112825
252 0.00113544
253 0.00114265
254 0.00114991
255 0.00115728
256 0.0011663
257 0.00118416
258 0.00119155
259 0.00119896
260 0.00120643
261 0.00121385
262 0.00122136
263 0.00122887
264 0.00123632
265 0.00124392
266 0.00125168
267 0.00125941
268 0.00126698
269 0.00127472
270 0.00128242
271 0.0012902
272 0.00129806
273 0.00130592
274 0.00131371
275 0.00132152
276 0.0013294
277 0.00133713
278 0.00134526
279 0.00135317
280 0.0013611
281 0.00136909
282 0.00137699
283 0.00138505
284 0.00139321
285 0.00140126
286 0.00140938
287 0.00141749
288 0.00142565
289 0.00143376
290 0.00144186
291 0.00145012
292 0.00145833
293 0.00146662
294 0.00147488
295 0.0014832
296 0.00149164
297 0.00150012
298 0.00150855
299 0.00151694
300 0.00152528
301 0.0015338
302 0.00154249
303 0.00155098
304 0.00155961
305 0.00156819
306 0.00157668
307 0.00158525
308 0.00159385
309 0.00160246
310 0.00161115
311 0.00162004
312 0.00162889
313 0.00163771
314 0.00164644
315 0.00165529
316 0.00166397
317 0.00167286
318 0.00168185
319 0.00169064
320 0.00169959
321 0.00170855
322 0.0017174
323 0.00172627
324 0.00173518
325 0.00174421
326 0.0017533
327 0.00176239
328 0.0017714
329 0.00178052
330 0.00178967
331 0.00179878
332 0.00180797
333 0.0018173
334 0.00182656
335 0.00183592
336 0.00184556
337 0.00185483
338 0.00186422
339 0.0018736
340 0.00188303
341 0.00189246
342 0.00190179
343 0.00191136
344 0.00192085
345 0.00193042
346 0.00194021
347 0.00194962
348 0.00195915
349 0.00196891
350 0.00197866
351 0.00198847
352 0.00199805
353 0.00200789
354 0.00201801
355 0.00202777
356 0.0020377
357 0.00204757
358 0.00205742
359 0.0020673
360 0.00207713
361 0.00208697
362 0.00209716
363 0.002107
364 0.00211701
365 0.00212714
366 0.00213715
367 0.0021472
368 0.00215741
369 0.00216759
370 0.00217799
371 0.00218826
372 0.00219843
373 0.00220864
374 0.00221883
375 0.0022292
376 0.00223961
377 0.00224996
378 0.00226036
379 0.00227084
380 0.00228136
381 0.00229173
382 0.00230224
383 0.00231266
384 0.00232319
385 0.00233382
386 0.00234449
387 0.00235512
388 0.00236558
389 0.00237618
390 0.00242306
391 0.00243716
392 0.00244864
393 0.00246034
394 0.00247206
395 0.00248385
396 0.00249541
397 0.00250699
398 0.00251863
399 0.00253027
400 0.00254207
401 0.00255405
402 0.002566
403 0.0025777
404 0.00258955
405 0.00260147
406 0.0026133
407 0.00262519
408 0.00263733
409 0.00264917
410 0.00266124
411 0.00267327
412 0.00268526
413 0.00269762
414 0.00270966
415 0.00272198
416 0.00273423
417 0.00274664
418 0.00275885
419 0.00277118
420 0.00278336
421 0.00279583
422 0.00280811
423 0.00282041
424 0.00283272
425 0.00284507
426 0.0028576
427 0.00287006
428 0.00288246
429 0.00289518
430 0.00290763
431 0.00292023
432 0.00293278
433 0.00294556
434 0.00295842
435 0.00297109
436 0.00298387
437 0.00299664
438 0.00300949
439 0.00302223
440 0.00303519
441 0.00304807
442 0.00306107
443 0.00307392
444 0.00308672
445 0.00309982
446 0.00311256
447 0.00312563
448 0.00313861
449 0.00315182
450 0.00316493
451 0.00317795
452 0.00319106
453 0.00320435
454 0.00321755
455 0.00323081
456 0.00324425
457 0.00325767
458 0.00327115
459 0.00328427
460 0.00329765
461 0.00331102
462 0.00332444
463 0.00333793
464 0.00335101
465 0.00336439
466 0.00337813
467 0.00339176
468 0.00340521
469 0.00341904
470 0.00343259
471 0.00344616
472 0.00345965
473 0.0034735
474 0.00348714
475 0.00350095
476 0.00351465
477 0.0035285
478 0.00354243
479 0.00355616
480 0.00357007
481 0.00358414
482 0.00359796
483 0.00361163
484 0.00362551
485 0.0036394
486 0.00365357
487 0.00366769
488 0.00368158
489 0.00369561
490 0.00370977
491 0.00372401
492 0.00373824
493 0.00375258
494 0.00376673
495 0.0037807
496 0.00379476
497 0.00380931
498 0.00382358
499 0.00383768
500 0.00385317
501 0.00386783
502 0.00388241
503 0.00389716
504 0.00391191
505 0.0039269
506 0.00394195
507 0.00395682
508 0.00397164
509 0.00398672
510 0.00400154
511 0.00401654
512 0.00403925
513 0.00407326
514 0.00408729
515 0.00410135
516 0.00411551
517 0.00412989
518 0.00414404
519 0.0041599
520 0.00417585
521 0.00419009
522 0.00420451
523 0.00421887
524 0.00423316
525 0.00424751
526 0.00426191
527 0.00427628
528 0.00429081
529 0.00430512
530 0.00431967
531 0.00433405
532 0.00434872
533 0.00436345
534 0.00437793
535 0.00439257
536 0.00440713
537 0.00442175
538 0.0044365
539 0.00445132
540 0.00446594
541 0.00448074
542 0.00449545
543 0.00451016
544 0.00452529
545 0.00454011
546 0.00455472
547 0.00456973
548 0.00458438
549 0.0045994
550 0.0046143
551 0.00462916
552 0.00464438
553 0.00465933
554 0.00467434
555 0.0046894
556 0.00470465
557 0.00471977
558 0.00473488
559 0.00474986
560 0.00476509
561 0.00478033
562 0.00479545
563 0.00481056
564 0.00482585
565 0.00484104
566 0.00485632
567 0.0048718
568 0.00488735
569 0.00490279
570 0.00491818
571 0.0049337
572 0.00494924
573 0.00496484
574 0.00498029
575 0.0049956
576 0.00501119
577 0.00502685
578 0.00504267
579 0.00505829
580 0.00507403
581 0.00508983
582 0.00510561
583 0.00512155
584 0.00513749
585 0.00515449
586 0.00517245
587 0.00518835
588 0.00520456
589 0.00522066
590 0.00523654
591 0.00525236
592 0.00526851
593 0.00528482
594 0.00530132
595 0.00531742
596 0.00533362
597 0.00534968
598 0.00536601
599 0.00538223
600 0.00539867
601 0.00541479
602 0.00543089
603 0.00544711
604 0.00546345
605 0.0054799
606 0.00549604
607 0.00551239
608 0.00552903
609 0.00554565
610 0.00556193
611 0.00557827
612 0.00559465
613 0.00561105
614 0.0056275
615 0.00564398
616 0.00566096
617 0.00567747
618 0.00569517
619 0.00571372
620 0.00573027
621 0.00574718
622 0.00576407
623 0.00578237
624 0.00580183
625 0.00581703
626 0.00583136
627 0.00584552
628 0.00585966
629 0.00587388
630 0.0058879
631 0.0059021
632 0.00591631
633 0.00593077
634 0.00594924
635 0.00596578
636 0.00598235
637 0.00599989
638 0.00601698
639 0.00603618
640 0.00605679
641 0.00607314
642 0.00609048
643 0.00610817
644 0.00612787
645 0.00614349
646 0.00615781
647 0.00617461
648 0.00619374
649 0.00621195
650 0.00622838
651 0.00624449
652 0.00626079
653 0.00627718
654 0.00629382
655 0.00631159
656 0.00632847
657 0.00634525
658 0.0063621
659 0.0063787
660 0.00639549
661 0.00641264
662 0.00642945
663 0.00644602
664 0.00646352
665 0.0064805
666 0.00649775
667 0.00651521
668 0.00653258
669 0.00654973
670 0.00656683
671 0.00658419
672 0.00660252
673 0.00662009
674 0.00663758
675 0.00665503
676 0.00667262
677 0.00669044
678 0.00670869
679 0.00672785
680 0.00674832
681 0.00676721
682 0.00678556
683 0.00680289
684 0.00682149
685 0.00683973
686 0.00685598
687 0.00687133
688 0.00688661
689 0.00690194
690 0.00691719
691 0.00693272
692 0.00695003
693 0.00696818
694 0.00698649
695 0.00700197
696 0.00701785
697 0.00703382
698 0.00704956
699 0.00706521
700 0.00708105
701 0.0070966
702 0.00711249
703 0.00712801
704 0.00714376
705 0.0071595
706 0.00717548
707 0.00719116
708 0.00720712
709 0.00722297
710 0.00723903
711 0.0072548
712 0.00727091
713 0.00728666
714 0.00730262
715 0.00731847
716 0.00733468
717 0.00735056
718 0.00736655
719 0.00738261
720 0.00743787
721 0.00745454
722 0.00747093
723 0.00749114
724 0.00751237
725 0.00753353
726 0.00755501
727 0.00757138
728 0.00758751
729 0.00760377
730 0.00761992
731 0.00763601
732 0.0076523
733 0.00766863
734 0.00768844
735 0.00770887
736 0.00773082
737 0.00775218
738 0.00777285
739 0.00779522
740 0.0078173
741 0.00783883
742 0.00785856
743 0.00788219
744 0.00790395
745 0.00792662
746 0.00794937
747 0.00796903
748 0.00798967
749 0.00801071
750 0.00803142
751 0.00805086
752 0.00807055
753 0.00812424
754 0.00814567
755 0.00816595
756 0.00818777
757 0.00820732
758 0.00822488
759 0.00824288
760 0.00826492
761 0.00828933
762 0.00830911
763 0.00832696
764 0.00834499
765 0.0084026
766 0.00842623
767 0.00844734
768 0.00846579
769 0.00848522
770 0.00850624
771 0.00852689
772 0.00854952
773 0.00857125
774 0.00859225
775 0.00860949
776 0.00862677
777 0.00864413
778 0.0086614
779 0.00867868
780 0.00869604
781 0.00871338
782 0.00873083
783 0.00874821
784 0.00876566
785 0.00878296
786 0.00880041
787 0.00881798
788 0.00883546
789 0.00885302
790 0.00887054
791 0.008888
792 0.00890557
793 0.00892321
794 0.00894082
795 0.0089585
796 0.00897623
797 0.00899386
798 0.00901157
799 0.00902934
800 0.00904706
801 0.0090649
802 0.00908268
803 0.00910055
804 0.00911837
805 0.00913627
806 0.0091542
807 0.00917215
808 0.00919006
809 0.00920794
810 0.00922582
811 0.00924386
812 0.00926186
813 0.00927985
814 0.00929787
815 0.00931602
816 0.0093341
817 0.00935207
818 0.00937026
819 0.00938842
820 0.00940669
821 0.00942468
822 0.00944291
823 0.00946118
824 0.00947957
825 0.00949786
826 0.00951617
827 0.00953455
828 0.00955287
829 0.00957125
830 0.00958965
831 0.00960811
832 0.00962655
833 0.00964496
834 0.00966349
835 0.00968205
836 0.00970057
837 0.00971915
838 0.00973779
839 0.00975644
840 0.00977504
841 0.00979364
842 0.00981229
843 0.00983107
844 0.00984975
845 0.00986844
846 0.00988716
847 0.00990578
848 0.00992456
849 0.00994332
850 0.00996215
851 0.00998106
852 0.00999997
853 0.0100189
854 0.0100378
855 0.0100567
856 0.0100758
857 0.0100948
858 0.0101138
859 0.0101329
860 0.0101518
861 0.0101706
862 0.0101897
863 0.0102089
864 0.010228
865 0.0102469
866 0.0102661
867 0.0102853
868 0.0103045
869 0.0103236
870 0.0103429
871 0.0103622
872 0.0103815
873 0.0104008
874 0.0104202
875 0.0104397
876 0.010459
877 0.0104785
878 0.010498
879 0.0105175
880 0.0105371
881 0.0105566
882 0.0105761
883 0.0105957
884 0.0106153
885 0.0106349
886 0.0106545
887 0.0106742
888 0.0106939
889 0.0107133
890 0.0107327
891 0.0107522
892 0.0107718
893 0.0107915
894 0.0108113
895 0.010831
896 0.0108509
897 0.0108707
898 0.0108906
899 0.0109105
900 0.0109306
901 0.0109505
902 0.0109705
903 0.0109904
904 0.0110105
905 0.0110305
906 0.0110506
907 0.0110707
908 0.0110906
909 0.0111107
910 0.0111309
911 0.011151
912 0.0111713
913 0.0111915
914 0.0112118
915 0.011232
916 0.0112523
917 0.0112726
918 0.011293
919 0.0113133
920 0.0113337
921 0.0113539
922 0.0113743
923 0.0113947
924 0.0114192
925 0.0114437
926 0.011466
927 0.0114902
928 0.0115132
929 0.0115363
930 0.0115595
931 0.0115835
932 0.0116075
933 0.0116319
934 0.0116563
935 0.0116807
936 0.0117052
937 0.0117296
938 0.011754
939 0.0117784
940 0.0118031
941 0.0118273
942 0.0118521
943 0.011877
944 0.0119012
945 0.0119257
946 0.0119503
947 0.0119765
948 0.0120078
949 0.0120385
950 0.0120653
951 0.0120901
952 0.0121144
953 0.012139
954 0.0121667
955 0.0121895
956 0.0122146
957 0.0122383
958 0.0122622
959 0.0122883
960 0.0123139
961 0.0123385
962 0.0123637
963 0.0123873
964 0.0124109
965 0.0124346
966 0.0124595
967 0.0124839
968 0.0125097
969 0.0125347
970 0.0125612
971 0.0125831
972 0.0126096
973 0.0126351
974 0.0126601
975 0.0126864
976 0.012708
977 0.0127301
978 0.0127516
979 0.0127733
980 0.0127949
981 0.0128164
982 0.0128381
983 0.0128597
984 0.0128865
985 0.0129124
986 0.0129348
987 0.0129569
988 0.012979
989 0.0130012
990 0.0130231
991 0.0130453
992 0.0130676
993 0.013091
994 0.0131158
995 0.0131412
996 0.0131661
997 0.0131906
998 0.0132162
999 0.0132414
1000 0.0132671
1001 0.0132932
1002 0.0133193
1003 0.0133446
1004 0.013371
1005 0.0133975
1006 0.0134232
1007 0.0134486
1008 0.013474
1009 0.0135011
1010 0.0135282
1011 0.0135558
1012 0.0135836
1013 0.0136125
1014 0.0136409
1015 0.0136692
1016 0.0136978
1017 0.0137263
1018 0.0137555
1019 0.0137848
1020 0.0138138
1021 0.0138423
1022 0.0138717
1023 0.013901
1024 0.0139596
1025 0.0140616
1026 0.0140918
1027 0.0141216
1028 0.0141508
1029 0.0141793
1030 0.0142092
1031 0.0142388
1032 0.0142678
1033 0.0142955
1034 0.0143219
1035 0.01442
1036 0.0144496
1037 0.0144766
1038 0.0145053
1039 0.014534
1040 0.014564
1041 0.0145921
1042 0.0146212
1043 0.0146509
1044 0.0146805
1045 0.0147104
1046 0.0147461
1047 0.0147759
1048 0.0148057
1049 0.0148357
1050 0.0148655
1051 0.0148956
1052 0.0149256
1053 0.0149557
1054 0.0149859
1055 0.015016
1056 0.0150462
1057 0.0150762
1058 0.0151063
1059 0.0151363
1060 0.0151665
1061 0.0151966
1062 0.0152267
1063 0.0152569
1064 0.0152871
1065 0.0153177
1066 0.0153478
1067 0.0153778
1068 0.0154102
1069 0.0154407
1070 0.0154711
1071 0.0155014
1072 0.0155318
1073 0.0155623
1074 0.0155926
1075 0.0156231
1076 0.0156536
1077 0.0156841
1078 0.0157145
1079 0.0157452
1080 0.0157762
1081 0.0158072
1082 0.0158379
1083 0.0158687
1084 0.0158992
1085 0.0159301
1086 0.0159607
1087 0.0159921
1088 0.0160251
1089 0.0160562
1090 0.0160873
1091 0.0161185
1092 0.0161494
1093 0.0161804
1094 0.0162113
1095 0.0162426
1096 0.0162737
1097 0.0163048
1098 0.0163361
1099 0.0163675
1100 0.0163986
1101 0.0164297
1102 0.0164605
1103 0.0164913
1104 0.0165209
1105 0.0165515
1106 0.0165829
1107 0.0166145
1108 0.0166464
1109 0.0166782
1110 0.01671
1111 0.0167413
1112 0.0167731
1113 0.0168047
1114 0.0168367
1115 0.0168691
1116 0.0169012
1117 0.0169326
1118 0.0169624
1119 0.016991
1120 0.0170198
1121 0.0170482
1122 0.0170789
1123 0.017109
1124 0.0171399
1125 0.0171712
1126 0.0172023
1127 0.0172331
1128 0.0172651
1129 0.017298
1130 0.0173303
1131 0.0173628
1132 0.0174447
1133 0.0174764
1134 0.0175095
1135 0.0175413
1136 0.0175714
1137 0.0176023
1138 0.0176343
1139 0.0176662
1140 0.0176978
1141 0.017729
1142 0.017761
1143 0.0177933
1144 0.0178258
1145 0.0178593
1146 0.0178916
1147 0.0179238
1148 0.0179559
1149 0.0179887
1150 0.0180219
1151 0.0180552
1152 0.0180883
1153 0.0181203
1154 0.0181534
1155 0.0181862
1156 0.0182197
1157 0.0182533
1158 0.018287
1159 0.0183204
1160 0.0183539
1161 0.0183872
1162 0.0184205
1163 0.0184535
1164 0.0184872
1165 0.0185209
1166 0.018554
1167 0.0185859
1168 0.0186199
1169 0.018653
1170 0.0186864
1171 0.0187202
1172 0.018754
1173 0.0187877
1174 0.0188206
1175 0.0188543
1176 0.0188882
1177 0.0189223
1178 0.0189564
1179 0.0189903
1180 0.0190242
1181 0.0190581
1182 0.0190921
1183 0.0191247
1184 0.0191566
1185 0.0191904
1186 0.0192249
1187 0.0192589
1188 0.019293
1189 0.0193266
1190 0.0193606
1191 0.0193942
1192 0.019428
1193 0.0194619
1194 0.0194964
1195 0.0195299
1196 0.0195641
1197 0.0197542
1198 0.0197913
1199 0.0198247
1200 0.0198591
1201 0.0198933
1202 0.0199272
1203 0.0199617
1204 0.0199951
1205 0.0200296
1206 0.0200636
1207 0.020099
1208 0.0201338
1209 0.0201692
1210 0.0202043
1211 0.0202371
1212 0.0202716
1213 0.0203055
1214 0.020336
1215 0.0203675
1216 0.0203984
1217 0.0204292
1218 0.0204613
1219 0.0204947
1220 0.0205283
1221 0.0205608
1222 0.0205944
1223 0.020628
1224 0.0206614
1225 0.0206948
1226 0.0207554
1227 0.0207904
1228 0.0208249
1229 0.0208605
1230 0.0208959
1231 0.0209307
1232 0.0209656
1233 0.0210006
1234 0.0210357
1235 0.021071
1236 0.0211067
1237 0.0211422
1238 0.0211771
1239 0.0212121
1240 0.0212472
1241 0.0212826
1242 0.0213178
1243 0.0213535
1244 0.0213897
1245 0.0214258
1246 0.0214623
1247 0.021498
1248 0.0215336
1249 0.0215696
1250 0.0216056
1251 0.0216418
1252 0.021678
1253 0.0217143
1254 0.0217506
1255 0.0217865
1256 0.021822
1257 0.0218581
1258 0.0218948
1259 0.0219309
1260 0.0219674
1261 0.0220034
1262 0.0220401
1263 0.0220768
1264 0.0221136
1265 0.0221494
1266 0.0221867
1267 0.0222233
1268 0.0222602
1269 0.0222964
1270 0.0223332
1271 0.0223703
1272 0.0224072
1273 0.0224429
1274 0.0224796
1275 0.0225163
1276 0.022553
1277 0.0225897
1278 0.022626
1279 0.0226578
1280 0.0226911
1281 0.0227232
1282 0.022756
1283 0.0227911
1284 0.0228255
1285 0.0228608
1286 0.0228949
1287 0.0229299
1288 0.0229654
1289 0.0230009
1290 0.0230362
1291 0.0230713
1292 0.0231067
1293 0.0231421
1294 0.0231779
1295 0.0232132
1296 0.0232485
1297 0.0232839
1298 0.0233199
1299 0.0233563
1300 0.023393
1301 0.0234295
1302 0.0234741
1303 0.0235107
1304 0.0235472
1305 0.0235838
1306 0.0236188
1307 0.0236544
1308 0.0236912
1309 0.0237277
1310 0.0237635
1311 0.0237994
1312 0.0238351
1313 0.0238709
1314 0.0239067
1315 0.0239426
1316 0.0239784
1317 0.0240142
1318 0.0240502
1319 0.024086
1320 0.0241218
1321 0.024158
1322 0.0241939
1323 0.0242299
1324 0.0242663
1325 0.0243024
1326 0.0243385
1327 0.0244343
1328 0.0244735
1329 0.0245105
1330 0.0245476
1331 0.0245848
1332 0.024622
1333 0.0246593
1334 0.0246964
1335 0.0247336
1336 0.0247708
1337 0.0248086
1338 0.0248458
1339 0.0248831
1340 0.0249204
1341 0.0249577
1342 0.0249951
1343 0.0250326
1344 0.02507
1345 0.0251076
1346 0.0251452
1347 0.0251829
1348 0.0252205
1349 0.025258
1350 0.0252958
1351 0.0253339
1352 0.0253715
1353 0.0254091
1354 0.0254468
1355 0.0254845
1356 0.0255223
1357 0.0255602
1358 0.0255979
1359 0.0256357
1360 0.0256737
1361 0.0257116
1362 0.0257495
1363 0.0257875
1364 0.0258255
1365 0.0258639
1366 0.0259019
1367 0.02594
1368 0.025978
1369 0.0260164
1370 0.0260537
1371 0.0260914
1372 0.0261308
1373 0.026171
1374 0.0262104
1375 0.0262507
1376 0.0262906
1377 0.0263302
1378 0.0263699
1379 0.0264097
1380 0.0264494
1381 0.0264893
1382 0.0265281
1383 0.0265681
1384 0.0266079
1385 0.0266475
1386 0.0266872
1387 0.0267272
1388 0.0267671
1389 0.0268065
1390 0.0268455
1391 0.0268857
1392 0.0269256
1393 0.027005
1394 0.027043
1395 0.0270785
1396 0.0271151
1397 0.0271502
1398 0.0271856
1399 0.027223
1400 0.0272604
1401 0.0272984
1402 0.0273369
1403 0.0273752
1404 0.0274765
1405 0.0275151
1406 0.0275535
1407 0.027592
1408 0.0276304
1409 0.0276689
1410 0.0277072
1411 0.0277455
1412 0.0277842
1413 0.0278227
1414 0.027861
1415 0.0278995
1416 0.0279379
1417 0.0279763
1418 0.028015
1419 0.0280536
1420 0.0280924
1421 0.0281312
1422 0.0281698
1423 0.0282084
1424 0.0282473
1425 0.0282862
1426 0.0283248
1427 0.0283637
1428 0.0284027
1429 0.0284409
1430 0.0284792
1431 0.0285176
1432 0.028556
1433 0.0285955
1434 0.0286352
1435 0.0286749
1436 0.0287153
1437 0.028756
1438 0.0287965
1439 0.028838
1440 0.0288792
1441 0.028919
1442 0.0289595
1443 0.0289998
1444 0.0290408
1445 0.0290814
1446 0.029121
1447 0.0291615
1448 0.0292028
1449 0.029244
1450 0.0292843
1451 0.0293252
1452 0.029367
1453 0.0294077
1454 0.0294485
1455 0.0294893
1456 0.0295302
1457 0.0295716
1458 0.0296135
1459 0.0296541
1460 0.0296954
1461 0.0297373
1462 0.0297781
1463 0.0298193
1464 0.0298591
1465 0.0299
1466 0.0299407
1467 0.0299816
1468 0.0300222
1469 0.0300642
1470 0.0301055
1471 0.0301466
1472 0.0301869
1473 0.0302274
1474 0.0302682
1475 0.0303098
1476 0.0303515
1477 0.0303914
1478 0.0304331
1479 0.0304744
1480 0.0305158
1481 0.0305575
1482 0.0305984
1483 0.0306405
1484 0.0306829
1485 0.0307256
1486 0.0307677
1487 0.0308108
1488 0.0308528
1489 0.0308952
1490 0.0309373
1491 0.0309794
1492 0.0310219
1493 0.0310647
1494 0.0311078
1495 0.0311506
1496 0.0311923
1497 0.0312354
1498 0.0312784
1499 0.0313214
1500 0.0313643
1501 0.0314071
1502 0.0314515
1503 0.0314943
1504 0.0315367
1505 0.0315799
1506 0.0316222
1507 0.0316648
1508 0.0317074
1509 0.0317503
1510 0.0317931
1511 0.0318358
1512 0.0318781
1513 0.0319213
1514 0.0319651
1515 0.0320081
1516 0.032052
1517 0.0321692
1518 0.0322142
1519 0.0322597
1520 0.032304
1521 0.0323483
1522 0.0323929
1523 0.0324363
1524 0.0324806
1525 0.032526
1526 0.03257
1527 0.0326144
1528 0.032658
1529 0.0327017
1530 0.0327454
1531 0.0327889
1532 0.0328331
1533 0.0328769
1534 0.0329198
1535 0.0329631
1536 0.0330073
1537 0.0330508
1538 0.0330948
1539 0.033139
1540 0.0331831
1541 0.033227
1542 0.03327
1543 0.033314
1544 0.0333581
1545 0.0334024
1546 0.033445
1547 0.0334897
1548 0.0335341
1549 0.033578
1550 0.0336208
1551 0.0336657
1552 0.0337086
1553 0.0337516
1554 0.0337941
1555 0.0338377
1556 0.0338802
1557 0.0339212
1558 0.0339868
1559 0.0340308
1560 0.0340747
1561 0.0341174
1562 0.0341622
1563 0.0342059
1564 0.0342503
1565 0.0342954
1566 0.0343385
1567 0.0343816
1568 0.0344233
1569 0.0344622
1570 0.0345021
1571 0.0345437
1572 0.0345831
1573 0.0346257
1574 0.0346679
1575 0.03471
1576 0.0347526
1577 0.0347957
1578 0.0348393
1579 0.0348822
1580 0.0349254
1581 0.0349685
1582 0.0350115
1583 0.0350544
1584 0.0350975
1585 0.0351406
1586 0.0351837
1587 0.0352266
1588 0.0352702
1589 0.0353135
1590 0.0353568
1591 0.0354005
1592 0.0354438
1593 0.0354871
1594 0.0355306
1595 0.035574
1596 0.0356176
1597 0.0357359
1598 0.0357852
1599 0.0358328
1600 0.0358806
1601 0.0359268
1602 0.0359711
1603 0.0360165
1604 0.0360612
1605 0.0361079
1606 0.0361558
1607 0.0362028
1608 0.0362508
1609 0.0362992
1610 0.0363469
1611 0.036395
1612 0.0364419
1613 0.0364889
1614 0.0365367
1615 0.0365839
1616 0.0366319
1617 0.0366805
1618 0.0367283
1619 0.0367743
1620 0.0368208
1621 0.0368676
1622 0.0369156
1623 0.0369638
1624 0.037012
1625 0.0370604
1626 0.0371091
1627 0.0371577
1628 0.0372052
1629 0.0372527
1630 0.0373261
1631 0.0373757
1632 0.0374617
1633 0.0375114
1634 0.0375598
1635 0.0376086
1636 0.0376562
1637 0.0377039
1638 0.0377511
1639 0.0378
1640 0.0378479
1641 0.037897
1642 0.0379464
1643 0.037996
1644 0.038045
1645 0.0380926
1646 0.0381415
1647 0.0381902
1648 0.0382396
1649 0.0382893
1650 0.0383388
1651 0.0383879
1652 0.038436
1653 0.0384851
1654 0.0385341
1655 0.0385835
1656 0.0386336
1657 0.0386838
1658 0.0387332
1659 0.0387811
1660 0.0388303
1661 0.0388787
1662 0.0389284
1663 0.0389785
1664 0.0390286
1665 0.0390778
1666 0.0391262
1667 0.039176
1668 0.0392265
1669 0.0392752
1670 0.0393249
1671 0.0393746
1672 0.039421
1673 0.0394686
1674 0.0395173
1675 0.0395671
1676 0.0396165
1677 0.0396662
1678 0.0397162
1679 0.0397658
1680 0.0398148
1681 0.0398634
1682 0.0399136
1683 0.0399628
1684 0.0400129
1685 0.040063
1686 0.0401124
1687 0.0401615
1688 0.0402104
1689 0.0402607
1690 0.0403109
1691 0.0403621
1692 0.0404631
1693 0.0405143
1694 0.0405622
1695 0.0406125
1696 0.0406622
1697 0.0407123
1698 0.0407631
1699 0.0408135
1700 0.0408632
1701 0.0409121
1702 0.0409624
1703 0.0410079
1704 0.0410558
1705 0.0411063
1706 0.0411567
1707 0.0412074
1708 0.0412582
1709 0.0413088
1710 0.0413581
1711 0.0414071
1712 0.0414576
1713 0.0415078
1714 0.0415587
1715 0.0416097
1716 0.0416609
1717 0.0417111
1718 0.0417609
1719 0.041812
1720 0.041862
1721 0.0419128
1722 0.0419638
1723 0.0420134
1724 0.0420632
1725 0.0421129
1726 0.0421644
1727 0.042215
1728 0.0422661
1729 0.0423176
1730 0.0423693
1731 0.0424199
1732 0.0425106
1733 0.0425637
1734 0.0426148
1735 0.0426664
1736 0.0427181
1737 0.0427689
1738 0.0428187
1739 0.0428692
1740 0.0429207
1741 0.0429721
1742 0.0430241
1743 0.0430756
1744 0.0431273
1745 0.0431779
1746 0.0432285
1747 0.0432806
1748 0.0433319
1749 0.0433842
1750 0.0434366
1751 0.0434875
1752 0.0435377
1753 0.0435881
1754 0.0436404
1755 0.0436914
1756 0.0437442
1757 0.0437968
1758 0.0438496
1759 0.0439011
1760 0.043952
1761 0.0440044
1762 0.044056
1763 0.044109
1764 0.0441621
1765 0.0442152
1766 0.0442704
1767 0.0443214
1768 0.0443738
1769 0.0444265
1770 0.0444802
1771 0.0445335
1772 0.0445872
1773 0.0446383
1774 0.0446902
1775 0.0447428
1776 0.0447954
1777 0.0448482
1778 0.044901
1779 0.0449534
1780 0.045005
1781 0.045058
1782 0.0451102
1783 0.0451638
1784 0.0452172
1785 0.0452739
1786 0.0453256
1787 0.0453773
1788 0.0454307
1789 0.0454834
1790 0.0455366
1791 0.0455901
1792 0.045643
1793 0.0456947
1794 0.0457474
1795 0.0457999
1796 0.0458533
1797 0.045907
1798 0.0459611
1799 0.0460134
1800 0.0460652
1801 0.0461183
1802 0.046171
1803 0.0462241
1804 0.046275
1805 0.046327
1806 0.0463797
1807 0.0464334
1808 0.0464853
1809 0.0465358
1810 0.0465868
1811 0.0466395
1812 0.0466922
1813 0.0467453
1814 0.0467998
1815 0.0468899
1816 0.0469422
1817 0.0469945
1818 0.0470481
1819 0.0471007
1820 0.0471546
1821 0.0472086
1822 0.0472625
1823 0.0473157
1824 0.0473681
1825 0.04752
1826 0.0475755
1827 0.0476297
1828 0.0476842
1829 0.047736
1830 0.0477884
1831 0.0478417
1832 0.0478951
1833 0.0479488
1834 0.0480034
1835 0.0480576
1836 0.0481111
1837 0.0481644
1838 0.0482189
1839 0.0482721
1840 0.0483261
1841 0.0483806
1842 0.0484314
1843 0.0484835
1844 0.0485364
1845 0.0485908
1846 0.0486448
1847 0.0486991
1848 0.0487536
1849 0.0488084
1850 0.048862
1851 0.0489154
1852 0.0489704
1853 0.0490251
1854 0.0490803
1855 0.0491354
1856 0.04919
1857 0.0492432
1858 0.0492981
1859 0.0493523
1860 0.0494082
1861 0.0494638
1862 0.0495194
1863 0.0495733
1864 0.0496275
1865 0.0496828
1866 0.0497378
1867 0.0497936
1868 0.0498493
1869 0.0499041
1870 0.049957
1871 0.0500123
1872 0.0500672
1873 0.0501226
1874 0.0501785
1875 0.0502338
1876 0.0502915
1877 0.0503467
1878 0.0504019
1879 0.0504569
1880 0.0505129
1881 0.0505675
1882 0.0506216
1883 0.050676
1884 0.050732
1885 0.0507869
1886 0.0508428
1887 0.0508986
1888 0.0509543
1889 0.0510102
1890 0.0510651
1891 0.0511213
1892 0.051178
1893 0.0512352
1894 0.0513421
1895 0.0513975
1896 0.0514516
1897 0.0515075
1898 0.0515627
1899 0.0516185
1900 0.0516739
1901 0.0517314
1902 0.0517871
1903 0.0518402
1904 0.0518949
1905 0.0519516
1906 0.0520064
1907 0.0520631
1908 0.0521198
1909 0.0521764
1910 0.052231
1911 0.0522869
1912 0.0523426
1913 0.0523992
1914 0.0524561
1915 0.0525128
1916 0.0525682
1917 0.052622
1918 0.0526706
1919 0.0527243
1920 0.0527816
1921 0.0528367
1922 0.0528932
1923 0.0529501
1924 0.0530071
1925 0.0530619
1926 0.0531165
1927 0.0531734
1928 0.0532296
1929 0.0532883
1930 0.0533474
1931 0.0534045
1932 0.0534594
1933 0.0535162
1934 0.0535728
1935 0.0536298
1936 0.0536869
1937 0.0537439
1938 0.0538001
1939 0.0538567
1940 0.0539134
1941 0.0539707
1942 0.0540282
1943 0.0540856
1944 0.0541417
1945 0.0541985
1946 0.0542557
1947 0.0543133
1948 0.0543711
1949 0.0544292
1950 0.0544856
1951 0.0545416
1952 0.0545989
1953 0.0546563
1954 0.0547142
1955 0.054772
1956 0.054829
1957 0.0548853
1958 0.054943
1959 0.055
1960 0.055058
1961 0.0551157
1962 0.0551734
1963 0.0552298
1964 0.0552873
1965 0.0553451
1966 0.0555972
1967 0.055655
1968 0.0557114
1969 0.0557689
1970 0.0558482
1971 0.055908
1972 0.0559667
1973 0.0560232
1974 0.0560805
1975 0.0561374
1976 0.0561939
1977 0.0562515
1978 0.0563092
1979 0.0563665
1980 0.0564224
1981 0.0565161
1982 0.0565745
1983 0.0566326
1984 0.0566911
1985 0.0567495
1986 0.0568065
1987 0.056863
1988 0.0569216
1989 0.0569806
1990 0.0570402
1991 0.0570988
1992 0.0571574
1993 0.0572145
1994 0.0572723
1995 0.0573311
1996 0.0574678
1997 0.0575288
1998 0.0575876
1999 0.0576447
2000 0.0577021
2001 0.0577609
2002 0.0578196
2003 0.0578795
2004 0.0579391
2005 0.057998
2006 0.0580562
2007 0.0581156
2008 0.0581743
2009 0.0582338
2010 0.0582935
2011 0.0583524
2012 0.0584102
2013 0.0584698
2014 0.0585285
2015 0.0585881
2016 0.0586474
2017 0.0587032
2018 0.0587598
2019 0.058818
2020 0.0588776
2021 0.0589367
2022 0.058997
2023 0.0590566
2024 0.0591165
2025 0.0591749
2026 0.0592349
2027 0.059295
2028 0.0593552
2029 0.0594159
2030 0.0594753
2031 0.0595344
2032 0.0595948
2033 0.0596551
2034 0.0597154
2035 0.0597759
2036 0.0598348
2037 0.0598944
2038 0.059955
2039 0.0600151
2040 0.060076
2041 0.060136
2042 0.060195
2043 0.0602829
2044 0.0603437
2045 0.0604041
2046 0.0604652
2047 0.0605258
2048 0.0605948
2049 0.0607525
2050 0.0608154
2051 0.0608788
2052 0.0609398
2053 0.0609997
2054 0.0610605
2055 0.061123
2056 0.0611829
2057 0.0612428
2058 0.0613016
2059 0.06136
2060 0.0614195
2061 0.0614791
2062 0.0615392
2063 0.0615994
2064 0.0616584
2065 0.0617142
2066 0.0617737
2067 0.0618334
2068 0.061892
2069 0.0619627
2070 0.0620228
2071 0.0620809
2072 0.0621402
2073 0.0621994
2074 0.0622593
2075 0.0623201
2076 0.0623816
2077 0.0624427
2078 0.0625037
2079 0.0625615
2080 0.062621
2081 0.0626812
2082 0.0627415
2083 0.0628021
2084 0.0628619
2085 0.0629209
2086 0.0629796
2087 0.0630402
2088 0.0631006
2089 0.0631618
2090 0.0632227
2091 0.0632822
2092 0.0633418
2093 0.0634029
2094 0.0634667
2095 0.0635307
2096 0.0635933
2097 0.0636525
2098 0.0637127
2099 0.0637732
2100 0.0638343
2101 0.0638953
2102 0.0639562
2103 0.0640158
2104 0.0640769
2105 0.0641377
2106 0.064199
2107 0.0642611
2108 0.0643245
2109 0.0643807
2110 0.0644842
2111 0.0645493
2112 0.0646147
2113 0.0646797
2114 0.0647412
2115 0.0648019
2116 0.0648643
2117 0.0649264
2118 0.064989
2119 0.0650517
2120 0.0651134
2121 0.0651752
2122 0.0652374
2123 0.0652996
2124 0.0653626
2125 0.0654249
2126 0.0654858
2127 0.0655483
2128 0.0656107
2129 0.0656739
2130 0.0657365
2131 0.065798
2132 0.0658598
2133 0.0659222
2134 0.0659849
2135 0.0660481
2136 0.0661102
2137 0.0661716
2138 0.0662345
2139 0.0662977
2140 0.0663612
2141 0.0664239
2142 0.0664878
2143 0.0665486
2144 0.0666108
2145 0.0666742
2146 0.0667372
2147 0.0668009
2148 0.0668639
2149 0.0669256
2150 0.0669848
2151 0.0670479
2152 0.0671118
2153 0.067176
2154 0.0672396
2155 0.0673027
2156 0.0673679
2157 0.0674608
2158 0.0675237
2159 0.0675862
2160 0.0676507
2161 0.067715
2162 0.0677779
2163 0.0678384
2164 0.0679017
2165 0.0679651
2166 0.0680293
2167 0.0680944
2168 0.068159
2169 0.0682211
2170 0.068285
2171 0.0683487
2172 0.0684129
2173 0.0684769
2174 0.0685406
2175 0.0686544
2176 0.0687192
2177 0.068785
2178 0.0688488
2179 0.0689114
2180 0.0689742
2181 0.0690384
2182 0.0691026
2183 0.0691668
2184 0.0692306
2185 0.0692927
2186 0.0693573
2187 0.0694212
2188 0.0694858
2189 0.0695509
2190 0.0696151
2191 0.0696781
2192 0.069743
2193 0.0698083
2194 0.0698742
2195 0.0699406
2196 0.0700042
2197 0.0700678
2198 0.0701324
2199 0.0701971
2200 0.070262
2201 0.0703266
2202 0.0703898
2203 0.0704546
2204 0.070519
2205 0.0705843
2206 0.0706493
2207 0.0707124
2208 0.0707772
2209 0.070842
2210 0.0709074
2211 0.0709727
2212 0.0710373
2213 0.0710967
2214 0.0711567
2215 0.0712165
2216 0.0712777
2217 0.0713399
2218 0.0713959
2219 0.0714517
2220 0.0715072
2221 0.0715642
2222 0.0716233
2223 0.0716825
2224 0.0717425
2225 0.0718084
2226 0.0718723
2227 0.0719389
2228 0.0720061
2229 0.0720716
2230 0.0721842
2231 0.0722436
2232 0.0723009
2233 0.0723623
2234 0.0724277
2235 0.0724924
2236 0.0725579
2237 0.0726243
2238 0.0726898
2239 0.0727769
2240 0.0728375
2241 0.0728959
2242 0.0729555
2243 0.073014
2244 0.0730712
2245 0.0731317
2246 0.0731847
2247 0.0732356
2248 0.073286
2249 0.0733364
2250 0.0733869
2251 0.0734425
2252 0.0734998
2253 0.0735573
2254 0.0736104
2255 0.073669
2256 0.0737273
2257 0.0737856
2258 0.0738459
2259 0.0739053
2260 0.0739651
2261 0.0740234
2262 0.0740795
2263 0.0741407
2264 0.0741976
2265 0.0742484
2266 0.0743095
2267 0.0743621
2268 0.0744184
2269 0.0744688
2270 0.0745192
2271 0.0745765
2272 0.0746272
2273 0.0746779
2274 0.0747285
2275 0.0747797
2276 0.0748302
2277 0.0748814
2278 0.0749324
2279 0.0749834
2280 0.0750343
2281 0.0750857
2282 0.0751364
2283 0.0751876
2284 0.0752383
2285 0.0752892
2286 0.0753436
2287 0.0753947
2288 0.0754451
2289 0.0754964
2290 0.0755473
2291 0.0755982
2292 0.0756491
2293 0.0757001
2294 0.0757514
2295 0.0758026
2296 0.0758531
2297 0.0759047
2298 0.0759559
2299 0.0760069
2300 0.0760584
2301 0.0761092
2302 0.0761606
2303 0.0762119
2304 0.0762629
2305 0.0763144
2306 0.0763656
2307 0.0764165
2308 0.076468
2309 0.0765197
2310 0.0765706
2311 0.076625
2312 0.0766826
2313 0.0767379
2314 0.0768416
2315 0.0768998
2316 0.076952
2317 0.0770039
2318 0.077056
2319 0.0771079
2320 0.07716
2321 0.0772117
2322 0.0772636
2323 0.0773156
2324 0.0773675
2325 0.0774537
2326 0.0775057
2327 0.0775577
2328 0.0776101
2329 0.0776619
2330 0.0777141
2331 0.0777661
2332 0.0778255
2333 0.0778777
2334 0.0779298
2335 0.077982
2336 0.0780342
2337 0.0780863
2338 0.0781382
2339 0.0781904
2340 0.0782426
2341 0.0782947
2342 0.07835
2343 0.0784024
2344 0.0784543
2345 0.0785066
2346 0.0785585
2347 0.0786109
2348 0.078663
2349 0.0787157
2350 0.0787681
2351 0.0788204
2352 0.0788729
2353 0.0789255
2354 0.0789782
2355 0.0790305
2356 0.0790829
2357 0.0791357
2358 0.0791882
2359 0.0792406
2360 0.0792934
2361 0.0793466
2362 0.0793995
2363 0.079452
2364 0.0795049
2365 0.0795579
2366 0.0796105
2367 0.0796633
2368 0.0797163
2369 0.079769
2370 0.079822
2371 0.0798749
2372 0.079928
2373 0.079981
2374 0.0800338
2375 0.0800866
2376 0.0801803
2377 0.0802342
2378 0.0802885
2379 0.0803429
2380 0.0803958
2381 0.0804485
2382 0.0805011
2383 0.0805541
2384 0.0806068
2385 0.0806597
2386 0.0807132
2387 0.0807661
2388 0.0808341
2389 0.080896
2390 0.0809492
2391 0.0810023
2392 0.0810554
2393 0.0811089
2394 0.0811619
2395 0.0812152
2396 0.0812687
2397 0.0813221
2398 0.0813751
2399 0.0814363
2400 0.0814965
2401 0.0815499
2402 0.0816031
2403 0.0816568
2404 0.0817106
2405 0.0817641
2406 0.0818173
2407 0.0818708
2408 0.0819246
2409 0.0819784
2410 0.0820318
2411 0.0820849
2412 0.0821385
2413 0.0821917
2414 0.0822456
2415 0.0822992
2416 0.0823522
2417 0.082406
2418 0.0824599
2419 0.0825133
2420 0.0825673
2421 0.0826213
2422 0.0826749
2423 0.0827288
2424 0.0827828
2425 0.0828369
2426 0.0828909
2427 0.0829447
2428 0.0829985
2429 0.0830527
2430 0.0831065
2431 0.0831603
2432 0.0832144
2433 0.0832685
2434 0.0833224
2435 0.0833765
2436 0.0834306
2437 0.0834843
2438 0.0835384
2439 0.0835924
2440 0.0836464
2441 0.083701
2442 0.0837553
2443 0.0838092
2444 0.083864
2445 0.0839185
2446 0.0839727
2447 0.0840273
2448 0.0840818
2449 0.0841365
2450 0.0841909
2451 0.0842454
2452 0.0843003
2453 0.0843553
2454 0.0844099
2455 0.0844642
2456 0.0845192
2457 0.084574
2458 0.084629
2459 0.0846838
2460 0.084739
2461 0.084794
2462 0.0849221
2463 0.0849781
2464 0.085033
2465 0.0850879
2466 0.0851423
2467 0.0851972
2468 0.0852521
2469 0.085307
2470 0.0853623
2471 0.0854204
2472 0.0854753
2473 0.0855304
2474 0.0855858
2475 0.0856404
2476 0.0856958
2477 0.0857512
2478 0.0858059
2479 0.085861
2480 0.0859166
2481 0.0859717
2482 0.0860266
2483 0.0860818
2484 0.0861371
2485 0.0861921
2486 0.0862473
2487 0.086302
2488 0.0863576
2489 0.0864129
2490 0.0864682
2491 0.0865234
2492 0.0865786
2493 0.086634
2494 0.0866896
2495 0.0867448
2496 0.0868001
2497 0.0868559
2498 0.0869115
2499 0.0869669
2500 0.0870223
2501 0.0870782
2502 0.0871339
2503 0.0871893
2504 0.0872464
2505 0.0873024
2506 0.0873585
2507 0.0874785
2508 0.0875357
2509 0.0875919
2510 0.0876474
2511 0.0877031
2512 0.0877812
2513 0.0878381
2514 0.0878938
2515 0.0879496
2516 0.0880052
2517 0.0880608
2518 0.0881162
2519 0.0881718
2520 0.0882278
2521 0.0882832
2522 0.0883389
2523 0.0883946
2524 0.0884504
2525 0.0885061
2526 0.0885616
2527 0.088618
2528 0.0886737
2529 0.0887296
2530 0.0887855
2531 0.0888419
2532 0.0888981
2533 0.0889692
2534 0.0890264
2535 0.0890826
2536 0.0891389
2537 0.0891956
2538 0.0892521
2539 0.0893085
2540 0.0893654
2541 0.0894222
2542 0.0894783
2543 0.0895349
2544 0.0895916
2545 0.0896481
2546 0.089705
2547 0.0897619
2548 0.0898186
2549 0.0898757
2550 0.0899326
2551 0.0899895
2552 0.0900467
2553 0.090104
2554 0.0901606
2555 0.0902178
2556 0.090275
2557 0.0903323
2558 0.0903897
2559 0.090447
2560 0.090504
2561 0.0905609
2562 0.0906181
2563 0.0906753
2564 0.090732
2565 0.0907894
2566 0.0908465
2567 0.0909032
2568 0.0909607
2569 0.0910178
2570 0.0910751
2571 0.0911327
2572 0.0911904
2573 0.0912477
2574 0.0913049
2575 0.0913623
2576 0.0914193
2577 0.091477
2578 0.0915345
2579 0.0915919
2580 0.0916489
2581 0.0917119
2582 0.0917693
2583 0.0918264
2584 0.0918839
2585 0.0919413
2586 0.0919985
2587 0.0920559
2588 0.0921134
2589 0.0921709
2590 0.0922288
2591 0.0922863
2592 0.0923438
2593 0.0924011
2594 0.0924592
2595 0.0925172
2596 0.0925746
2597 0.0926326
2598 0.0926909
2599 0.0927485
2600 0.092809
2601 0.0928749
2602 0.0929661
2603 0.0930321
2604 0.0930906
2605 0.0931487
2606 0.0932066
2607 0.0932647
2608 0.0933228
2609 0.0933806
2610 0.0934383
2611 0.0934963
2612 0.0935583
2613 0.093628
2614 0.0936873
2615 0.093745
2616 0.0938027
2617 0.0938603
2618 0.093918
2619 0.0939761
2620 0.0940427
2621 0.0941013
2622 0.0941595
2623 0.094218
2624 0.0942763
2625 0.0943353
2626 0.0943976
2627 0.0944565
2628 0.0945142
2629 0.0945735
2630 0.094632
2631 0.0946905
2632 0.0947491
2633 0.0948079
2634 0.0948666
2635 0.0949258
2636 0.0949848
2637 0.0950438
2638 0.0951019
2639 0.0951613
2640 0.09522
2641 0.095284
2642 0.0953535
2643 0.0966903
2644 0.0967553
2645 0.096813
2646 0.0968709
2647 0.0969285
2648 0.0969868
2649 0.0970448
2650 0.0971028
2651 0.0971611
2652 0.0972186
2653 0.0972765
2654 0.0973349
2655 0.0974859
2656 0.0975461
2657 0.0976056
2658 0.0976652
2659 0.0977245
2660 0.0977837
2661 0.0978432
2662 0.0979027
2663 0.0979785
2664 0.0980381
2665 0.0980976
2666 0.0981571
2667 0.0982168
2668 0.0982756
2669 0.0983351
2670 0.098395
2671 0.098454
2672 0.0985136
2673 0.0985726
2674 0.0986324
2675 0.0986915
2676 0.0987512
2677 0.0988108
2678 0.0988707
2679 0.0989298
2680 0.0989892
2681 0.0990492
2682 0.0991084
2683 0.0991676
2684 0.0992274
2685 0.0992878
2686 0.0993472
2687 0.0994071
2688 0.0994667
2689 0.0995269
2690 0.0995863
2691 0.0996463
2692 0.0997065
2693 0.0997668
2694 0.0998264
2695 0.0998862
2696 0.0999466
2697 0.100007
2698 0.100066
2699 0.100126
2700 0.100187
2701 0.100247
2702 0.100306
2703 0.100368
2704 0.10043
2705 0.10049
2706 0.10055
2707 0.100611
2708 0.100671
2709 0.100731
2710 0.100791
2711 0.100851
2712 0.100912
2713 0.100971
2714 0.101031
2715 0.101092
2716 0.101151
2717 0.101212
2718 0.101272
2719 0.101332
2720 0.101393
2721 0.101454
2722 0.101514
2723 0.101575
2724 0.101636
2725 0.101696
2726 0.101756
2727 0.101817
2728 0.101878
2729 0.101979
2730 0.10204
2731 0.1021
2732 0.102161
2733 0.102222
2734 0.102282
2735 0.102344
2736 0.102406
2737 0.102467
2738 0.102527
2739 0.102587
2740 0.102648
2741 0.102708
2742 0.102769
2743 0.102829
2744 0.10289
2745 0.102951
2746 0.103011
2747 0.103072
2748 0.103133
2749 0.103194
2750 0.103255
2751 0.103315
2752 0.103377
2753 0.103441
2754 0.103502
2755 0.103563
2756 0.103624
2757 0.103685
2758 0.103746
2759 0.103806
2760 0.103867
2761 0.103928
2762 0.103989
2763 0.10405
2764 0.104111
2765 0.104172
2766 0.104233
2767 0.104294
2768 0.104355
2769 0.104417
2770 0.104478
2771 0.104539
2772 0.104601
2773 0.104662
2774 0.104723
2775 0.104784
2776 0.104845
2777 0.104907
2778 0.104968
2779 0.105029
2780 0.105091
2781 0.105152
2782 0.105213
2783 0.105275
2784 0.105336
2785 0.105397
2786 0.105459
2787 0.10552
2788 0.105582
2789 0.105643
2790 0.105705
2791 0.105767
2792 0.105828
2793 0.10589
2794 0.105968
2795 0.106031
2796 0.106093
2797 0.106155
2798 0.106217
2799 0.106279
2800 0.106341
2801 0.106404
2802 0.106466
2803 0.106529
2804 0.106591
2805 0.106654
2806 0.106716
2807 0.106778
2808 0.106841
2809 0.106904
2810 0.106966
2811 0.107029
2812 0.107091
2813 0.107153
2814 0.107216
2815 0.107278
2816 0.10734
2817 0.107486
2818 0.107549
2819 0.107612
2820 0.107674
2821 0.107737
2822 0.107799
2823 0.107862
2824 0.107924
2825 0.107987
2826 0.108049
2827 0.108112
2828 0.108174
2829 0.108237
2830 0.1083
2831 0.108363
2832 0.108425
2833 0.108488
2834 0.10855
2835 0.10862
2836 0.108693
2837 0.108766
2838 0.108829
2839 0.108892
2840 0.108955
2841 0.109017
2842 0.10908
2843 0.109143
2844 0.109206
2845 0.109269
2846 0.109332
2847 0.109395
2848 0.109462
2849 0.109525
2850 0.109588
2851 0.109651
2852 0.109715
2853 0.109778
2854 0.109841
2855 0.109904
2856 0.109967
2857 0.11003
2858 0.110094
2859 0.110157
2860 0.110247
2861 0.110311
2862 0.110374
2863 0.110439
2864 0.110502
2865 0.110565
2866 0.110628
2867 0.110692
2868 0.110756
2869 0.110819
2870 0.110882
2871 0.110946
2872 0.111009
2873 0.111073
2874 0.111137
2875 0.1112
2876 0.111264
2877 0.111327
2878 0.111391
2879 0.111454
2880 0.111518
2881 0.111582
2882 0.111646
2883 0.11171
2884 0.111773
2885 0.111867
2886 0.111933
2887 0.111996
2888 0.11206
2889 0.112124
2890 0.112187
2891 0.11225
2892 0.112314
2893 0.112379
2894 0.112442
2895 0.112506
2896 0.11257
2897 0.112633
2898 0.112698
2899 0.112761
2900 0.112825
2901 0.112889
2902 0.112953
2903 0.113017
2904 0.113081
2905 0.113145
2906 0.113209
2907 0.113273
2908 0.113336
2909 0.113411
2910 0.113489
2911 0.113554
2912 0.113619
2913 0.113684
2914 0.113748
2915 0.113813
2916 0.113878
2917 0.113943
2918 0.114007
2919 0.114072
2920 0.114136
2921 0.1142
2922 0.114265
2923 0.114329
2924 0.114398
2925 0.114462
2926 0.114548
2927 0.114614
2928 0.114679
2929 0.114744
2930 0.114808
2931 0.114873
2932 0.114938
2933 0.115003
2934 0.115068
2935 0.115133
2936 0.115198
2937 0.115269
2938 0.115343
2939 0.115409
2940 0.115474
2941 0.115539
2942 0.115603
2943 0.115668
2944 0.115735
2945 0.115802
2946 0.115867
2947 0.115932
2948 0.115997
2949 0.116062
2950 0.116127
2951 0.116192
2952 0.116258
2953 0.116323
2954 0.116388
2955 0.116453
2956 0.116518
2957 0.116583
2958 0.116649
2959 0.116714
2960 0.116779
2961 0.116844
2962 0.11691
2963 0.116975
2964 0.11704
2965 0.117106
2966 0.117171
2967 0.117237
2968 0.117302
2969 0.117368
2970 0.117469
2971 0.117554
2972 0.117622
2973 0.117688
2974 0.117754
2975 0.11782
2976 0.117886
2977 0.117952
2978 0.118018
2979 0.118084
2980 0.11815
2981 0.118216
2982 0.118282
2983 0.118348
2984 0.118417
2985 0.118483
2986 0.11855
2987 0.118616
2988 0.118682
2989 0.118748
2990 0.118873
2991 0.11894
2992 0.119006
2993 0.119072
2994 0.119137
2995 0.119203
2996 0.119268
2997 0.119334
2998 0.1194
2999 0.119469
