0 1.9527e-05
1 2.5308e-05
2 2.8153e-05
3 2.9215e-05
4 3.2301e-05
5 3.3493e-05
6 3.5187e-05
7 3.5798e-05
8 3.9986e-05
9 4.1408e-05
10 4.3292e-05
11 4.3963e-05
12 4.6819e-05
13 4.752e-05
14 4.9574e-05
15 5.0305e-05
16 5.6557e-05
17 5.9092e-05
18 6.1296e-05
19 6.2288e-05
20 6.6426e-05
21 6.7448e-05
22 6.9712e-05
23 7.0524e-05
24 7.5724e-05
25 7.6576e-05
26 7.906e-05
27 7.9922e-05
28 8.434e-05
29 8.5242e-05
30 8.7867e-05
31 8.8849e-05
32 0.000100281
33 0.000102655
34 0.000105521
35 0.000106573
36 0.000111692
37 0.000112855
38 0.000115921
39 0.000116932
40 0.000166266
41 0.000167729
42 0.000172037
43 0.00017313
44 0.0001788
45 0.000179943
46 0.000183189
47 0.000184682
48 0.000195142
49 0.000196524
50 0.000200181
51 0.000201884
52 0.000209459
53 0.000210681
54 0.000214659
55 0.000215931
56 0.000225119
57 0.000226401
58 0.000230529
59 0.000231882
60 0.000239155
61 0.000240478
62 0.000244616
63 0.000246039
64 0.000266097
65 0.000270876
66 0.000275685
67 0.000277198
68 0.000284682
69 0.000286315
70 0.000290974
71 0.000292457
72 0.000303799
73 0.000305322
74 0.000310151
75 0.000311654
76 0.000319889
77 0.000321452
78 0.000326532
79 0.000328105
80 0.000343394
81 0.000345037
82 0.000350097
83 0.00035185
84 0.000360316
85 0.000361939
86 0.000366999
87 0.000368682
88 0.000381296
89 0.00038301
90 0.0003885
91 0.000390223
92 0.000399972
93 0.000401715
94 0.000407366
95 0.00040918
96 0.00043044
97 0.000432404
98 0.000438906
99 0.00044086
100 0.000451019
101 0.000452873
102 0.000459095
103 0.000461088
104 0.000475766
105 0.00047774
106 0.000484182
107 0.000486116
108 0.000497378
109 0.000499562
110 0.000505984
111 0.000508068
112 0.000529148
113 0.000531232
114 0.000538316
115 0.00054048
116 0.000552803
117 0.000555118
118 0.000563614
119 0.000565858
120 0.000583041
121 0.000585225
122 0.000592028
123 0.000594292
124 0.000607147
125 0.000609241
126 0.000616675
127 0.000618909
128 0.000657783
129 0.000665528
130 0.000673844
131 0.000676259
132 0.000689654
133 0.000692139
134 0.000699844
135 0.000702769
136 0.000721695
137 0.000724631
138 0.000732576
139 0.000735061
140 0.000749208
141 0.000751662
142 0.000759678
143 0.000762202
144 0.000788122
145 0.000790667
146 0.000798962
147 0.000801888
148 0.000816736
149 0.000819271
150 0.000827898
151 0.000830573
152 0.000856252
153 0.000859708
154 0.000868976
155 0.000871892
156 0.00088679
157 0.000889475
158 0.000898262
159 0.000900887
160 0.000935112
161 0.000937998
162 0.000946935
163 0.00094962
164 0.00096569
165 0.000968486
166 0.000977823
167 0.000980669
168 0.00100359
169 0.00100662
170 0.0010167
171 0.00101958
172 0.00103706
173 0.00103994
174 0.00104991
175 0.001053
176 0.00108358
177 0.00108651
178 0.00109654
179 0.00109962
180 0.00111646
181 0.00111961
182 0.0011299
183 0.00113348
184 0.00115905
185 0.00116213
186 0.00117224
187 0.00117522
188 0.00119239
189 0.00119545
190 0.00120667
191 0.00120994
192 0.00125879
193 0.00126213
194 0.00127314
195 0.00127643
196 0.00129586
197 0.00129915
198 0.00131009
199 0.00131355
200 0.00134007
201 0.00134324
202 0.00135462
203 0.00135807
204 0.00137744
205 0.00138062
206 0.00139194
207 0.00139531
208 0.00142975
209 0.00143288
210 0.00144399
211 0.00144744
212 0.00146687
213 0.00147018
214 0.00148187
215 0.00148541
216 0.00151385
217 0.00151738
218 0.00152948
219 0.00153329
220 0.00155489
221 0.00155845
222 0.00157027
223 0.00157382
224 0.00162332
225 0.00162717
226 0.00164038
227 0.00164442
228 0.00166703
229 0.00167107
230 0.00168441
231 0.0016885
232 0.00172099
233 0.00172495
234 0.0017373
235 0.00174117
236 0.00176376
237 0.00176768
238 0.0017805
239 0.00178445
240 0.0018244
241 0.00182806
242 0.00184151
243 0.00184627
244 0.00186933
245 0.00187353
246 0.00188656
247 0.00189065
248 0.00192987
249 0.00193407
250 0.00194767
251 0.00195188
252 0.00197503
253 0.00197888
254 0.00199283
255 0.00199722
256 0.00208374
257 0.00209967
258 0.00211344
259 0.0021173
260 0.00214177
261 0.00214605
262 0.00216066
263 0.00216477
264 0.00219864
265 0.00220259
266 0.00221713
267 0.00222158
268 0.00224604
269 0.00225043
270 0.00226528
271 0.00226939
272 0.00231391
273 0.00231852
274 0.00233411
275 0.00233846
276 0.00236317
277 0.00236748
278 0.00238223
279 0.00238655
280 0.00242182
281 0.00242653
282 0.00244162
283 0.00244612
284 0.00247287
285 0.00247742
286 0.00249331
287 0.0024976
288 0.00255771
289 0.00256262
290 0.00257849
291 0.00258304
292 0.0026105
293 0.00261544
294 0.00263137
295 0.00263662
296 0.00267759
297 0.00268267
298 0.00269961
299 0.00270446
300 0.00273209
301 0.00273696
302 0.00275431
303 0.00275887
304 0.00281218
305 0.00281855
306 0.00283505
307 0.00284007
308 0.0028682
309 0.00287286
310 0.0028894
311 0.00289403
312 0.00293417
313 0.00293892
314 0.00295647
315 0.00296145
316 0.00299049
317 0.00299549
318 0.00301249
319 0.0030172
320 0.00309668
321 0.00310205
322 0.00311956
323 0.00312459
324 0.00315471
325 0.00316008
326 0.00317829
327 0.00318354
328 0.00322805
329 0.00323351
330 0.00325198
331 0.00325747
332 0.00328997
333 0.00329533
334 0.00331448
335 0.00331963
336 0.00337727
337 0.00338263
338 0.00340088
339 0.00340616
340 0.00343781
341 0.00344304
342 0.00346094
343 0.00346621
344 0.00351257
345 0.00351823
346 0.00353712
347 0.00354265
348 0.00357599
349 0.00358184
350 0.00360108
351 0.0036067
352 0.00368219
353 0.00368832
354 0.00370755
355 0.00371312
356 0.00374716
357 0.00375288
358 0.00377395
359 0.00378115
360 0.00383247
361 0.00383829
362 0.00385818
363 0.00386384
364 0.00389778
365 0.00390341
366 0.00392399
367 0.00393024
368 0.00399537
369 0.00400084
370 0.00402043
371 0.00402665
372 0.00406175
373 0.00406754
374 0.00408823
375 0.00409434
376 0.00414345
377 0.00414955
378 0.00417067
379 0.00417677
380 0.00421243
381 0.00421883
382 0.0042387
383 0.00424432
384 0.00448868
385 0.00449572
386 0.00451759
387 0.0045238
388 0.00455992
389 0.00456606
390 0.00458746
391 0.00459382
392 0.00464798
393 0.00465412
394 0.00467668
395 0.00468308
396 0.00472021
397 0.00472631
398 0.00474839
399 0.00475496
400 0.00482855
401 0.0048349
402 0.00485636
403 0.00486306
404 0.00490074
405 0.00490703
406 0.0049295
407 0.00493601
408 0.0049895
409 0.00499608
410 0.00501889
411 0.00502555
412 0.00506413
413 0.00507032
414 0.00509272
415 0.00509935
416 0.00518714
417 0.00519346
418 0.00521659
419 0.0052231
420 0.00526143
421 0.00526777
422 0.00528968
423 0.00529589
424 0.00535076
425 0.00535702
426 0.00537974
427 0.00538651
428 0.00542562
429 0.00543271
430 0.00545643
431 0.0054634
432 0.00553831
433 0.0055451
434 0.00556823
435 0.00557497
436 0.0056151
437 0.00562215
438 0.00564631
439 0.00565306
440 0.00571225
441 0.00571917
442 0.00574311
443 0.00574993
444 0.00579141
445 0.00579839
446 0.00582693
447 0.00583346
448 0.00594486
449 0.00595236
450 0.00597721
451 0.00598469
452 0.00602805
453 0.00603501
454 0.00606067
455 0.00606795
456 0.00612852
457 0.00613605
458 0.00616025
459 0.00616696
460 0.00620856
461 0.00621546
462 0.00623976
463 0.00624665
464 0.00632236
465 0.00632953
466 0.00635404
467 0.00636105
468 0.00640353
469 0.00641047
470 0.00643674
471 0.00644443
472 0.00650613
473 0.0065142
474 0.00653858
475 0.00654569
476 0.00665537
477 0.00666366
478 0.00668968
479 0.00669733
480 0.0067985
481 0.00680634
482 0.00683302
483 0.00684088
484 0.00688761
485 0.00689543
486 0.00692246
487 0.0069301
488 0.00699731
489 0.00700516
490 0.00703237
491 0.00704034
492 0.00708855
493 0.00709652
494 0.0071234
495 0.00713148
496 0.00721861
497 0.00722629
498 0.00725212
499 0.00725899
500 0.00730134
501 0.00730895
502 0.00733565
503 0.0073438
504 0.00741521
505 0.00742326
506 0.00745129
507 0.00745968
508 0.00750878
509 0.00751664
510 0.00754495
511 0.00755242
512 0.0077381
513 0.00777529
514 0.00780318
515 0.00781082
516 0.00785847
517 0.00786628
518 0.00789457
519 0.00790309
520 0.00797308
521 0.00798142
522 0.00800958
523 0.00801774
524 0.00806571
525 0.00807394
526 0.00810253
527 0.00811082
528 0.00820204
529 0.00821051
530 0.00823855
531 0.00824671
532 0.00829623
533 0.0083045
534 0.00833386
535 0.00834222
536 0.00841419
537 0.00842296
538 0.00845262
539 0.00846086
540 0.0085122
541 0.00852084
542 0.00855403
543 0.00856253
544 0.00867925
545 0.00868808
546 0.0087189
547 0.00872665
548 0.00877905
549 0.0087881
550 0.00881801
551 0.00882689
552 0.00890182
553 0.00891121
554 0.00894235
555 0.00895137
556 0.00900206
557 0.00901003
558 0.00904122
559 0.0090504
560 0.00914916
561 0.0091583
562 0.00918839
563 0.00919678
564 0.00924996
565 0.00925887
566 0.00928947
567 0.00929812
568 0.0093729
569 0.00938174
570 0.0094123
571 0.00942088
572 0.0094716
573 0.00948003
574 0.00957024
575 0.00958069
576 0.00971868
577 0.00972732
578 0.00975746
579 0.00976644
580 0.00981901
581 0.00982771
582 0.00985908
583 0.00986789
584 0.00994205
585 0.00995116
586 0.00998197
587 0.00999042
588 0.0100421
589 0.0100506
590 0.01008
591 0.0100887
592 0.0101834
593 0.0101919
594 0.0102226
595 0.0102314
596 0.0102836
597 0.0102923
598 0.0103235
599 0.0103327
600 0.0104078
601 0.010417
602 0.0104499
603 0.0104593
604 0.0105147
605 0.0105241
606 0.0105565
607 0.0105659
608 0.0106926
609 0.0107021
610 0.0107354
611 0.0107445
612 0.0108051
613 0.0108143
614 0.0108465
615 0.0108556
616 0.0109335
617 0.0109428
618 0.0109751
619 0.010984
620 0.0110399
621 0.0110494
622 0.011084
623 0.0110929
624 0.0111935
625 0.0112029
626 0.0112351
627 0.0112447
628 0.0113024
629 0.0113124
630 0.0113445
631 0.0113534
632 0.0114335
633 0.0114428
634 0.0114753
635 0.0114846
636 0.0115413
637 0.0115506
638 0.011583
639 0.0115925
640 0.0117654
641 0.0117757
642 0.0118109
643 0.0118202
644 0.0118789
645 0.0118885
646 0.0119234
647 0.0119333
648 0.0120159
649 0.0120261
650 0.0120605
651 0.01207
652 0.0121279
653 0.0121376
654 0.0121726
655 0.0121823
656 0.0122876
657 0.0122972
658 0.0123306
659 0.0123399
660 0.0123954
661 0.0124052
662 0.0124374
663 0.0124466
664 0.0126188
665 0.0126297
666 0.0126635
667 0.0126741
668 0.0128066
669 0.0128184
670 0.0128529
671 0.0128625
672 0.0129978
673 0.0130072
674 0.0130571
675 0.0130667
676 0.0131186
677 0.0131273
678 0.0131572
679 0.013166
680 0.0132377
681 0.0132466
682 0.0132766
683 0.0132854
684 0.0133364
685 0.0133453
686 0.0133754
687 0.0133843
688 0.0134779
689 0.0134869
690 0.0135172
691 0.0135263
692 0.0135779
693 0.0135869
694 0.0136174
695 0.0136263
696 0.0136997
697 0.0137087
698 0.0137393
699 0.0137485
700 0.0138007
701 0.0138098
702 0.0138406
703 0.0138497
704 0.0139886
705 0.0139977
706 0.0140288
707 0.0140379
708 0.0140907
709 0.0140998
710 0.0141312
711 0.0141403
712 0.0142153
713 0.0142245
714 0.014256
715 0.0142652
716 0.0143186
717 0.0143279
718 0.0143594
719 0.0143687
720 0.0144759
721 0.0144859
722 0.0145203
723 0.0145302
724 0.014591
725 0.0146008
726 0.0146357
727 0.0146458
728 0.0147303
729 0.0147402
730 0.0147772
731 0.0147885
732 0.0148485
733 0.0148584
734 0.0148939
735 0.0149044
736 0.0150429
737 0.0150534
738 0.0150895
739 0.0150998
740 0.0151628
741 0.0151743
742 0.0152152
743 0.0152248
744 0.0153029
745 0.0153125
746 0.0153453
747 0.0153549
748 0.0154106
749 0.0154203
750 0.0154532
751 0.0154629
752 0.0155649
753 0.0155746
754 0.0156077
755 0.0156175
756 0.0156739
757 0.0156836
758 0.0157169
759 0.0157267
760 0.0158096
761 0.0158195
762 0.0158529
763 0.0158628
764 0.0159197
765 0.0159296
766 0.0159631
767 0.015973
768 0.0161708
769 0.016182
770 0.0162201
771 0.0162288
772 0.0163508
773 0.0163614
774 0.0163952
775 0.0164052
776 0.016487
777 0.016497
778 0.0165311
779 0.0165412
780 0.0165992
781 0.0166092
782 0.0166434
783 0.0166535
784 0.0167598
785 0.0167699
786 0.0168044
787 0.0168145
788 0.0168733
789 0.0168835
790 0.016918
791 0.0169282
792 0.0170113
793 0.0170215
794 0.0170563
795 0.0170665
796 0.0171256
797 0.0171359
798 0.0171708
799 0.0171811
800 0.0173141
801 0.0173244
802 0.0173594
803 0.0173698
804 0.0174295
805 0.0174399
806 0.0174752
807 0.0174855
808 0.0175704
809 0.0175808
810 0.0176162
811 0.0176266
812 0.017687
813 0.0176975
814 0.0177318
815 0.0177422
816 0.0178513
817 0.0178619
818 0.0178976
819 0.0179081
820 0.0179689
821 0.0179795
822 0.0180154
823 0.018026
824 0.0181122
825 0.0181228
826 0.0181576
827 0.0181682
828 0.0182296
829 0.0182402
830 0.0182766
831 0.0182873
832 0.0184507
833 0.0184614
834 0.0184984
835 0.0185107
836 0.0185816
837 0.0186214
838 0.0186666
839 0.0186777
840 0.018779
841 0.0187912
842 0.0188348
843 0.0188469
844 0.0189202
845 0.0189318
846 0.0189742
847 0.0189859
848 0.0191161
849 0.0191282
850 0.0191692
851 0.0191805
852 0.0192518
853 0.0192635
854 0.0193048
855 0.0193161
856 0.0194193
857 0.0194317
858 0.019475
859 0.0194871
860 0.0196248
861 0.0196365
862 0.019678
863 0.0196899
864 0.0198593
865 0.0198716
866 0.019914
867 0.0199264
868 0.0199993
869 0.0200111
870 0.0200549
871 0.0200672
872 0.0201699
873 0.0201818
874 0.0202241
875 0.020236
876 0.0203083
877 0.0203211
878 0.0203679
879 0.0203802
880 0.0205237
881 0.0205367
882 0.0205808
883 0.0205925
884 0.0206668
885 0.0206785
886 0.0207227
887 0.0207345
888 0.0208453
889 0.0208587
890 0.0209062
891 0.0209196
892 0.0210002
893 0.0210132
894 0.021058
895 0.0210702
896 0.0213089
897 0.0213212
898 0.021365
899 0.0213769
900 0.0214516
901 0.0214634
902 0.0215081
903 0.0215204
904 0.0216282
905 0.0216411
906 0.0216866
907 0.0216993
908 0.0217772
909 0.0217898
910 0.0218347
911 0.0218472
912 0.0219916
913 0.0220046
914 0.0220518
915 0.022065
916 0.0221454
917 0.0221583
918 0.0222036
919 0.0222159
920 0.0223295
921 0.0223426
922 0.0223893
923 0.0224029
924 0.0224844
925 0.0224976
926 0.0225444
927 0.0225582
928 0.0227368
929 0.0227508
930 0.0227968
931 0.0228105
932 0.0228812
933 0.0228931
934 0.0229337
935 0.0229457
936 0.0230433
937 0.0230553
938 0.0230961
939 0.0231082
940 0.0231778
941 0.0231898
942 0.0232308
943 0.0232428
944 0.0233698
945 0.0233819
946 0.023423
947 0.0234353
948 0.0235053
949 0.0235174
950 0.0235587
951 0.0235708
952 0.0236698
953 0.023682
954 0.0237266
955 0.0237402
956 0.0238231
957 0.0238374
958 0.023879
959 0.0238912
960 0.0242121
961 0.024225
962 0.0242667
963 0.0242789
964 0.0243503
965 0.0243626
966 0.0244047
967 0.0244171
968 0.0245288
969 0.0245412
970 0.0245907
971 0.0246053
972 0.0246853
973 0.0246982
974 0.0247452
975 0.0247583
976 0.0249109
977 0.0249246
978 0.0249722
979 0.0249868
980 0.0250719
981 0.0250875
982 0.0251311
983 0.025142
984 0.025243
985 0.0252556
986 0.0252984
987 0.025311
988 0.025384
989 0.0253966
990 0.0254396
991 0.0254522
992 0.0256159
993 0.0256286
994 0.0256718
995 0.0256845
996 0.0257582
997 0.0257709
998 0.0258142
999 0.025827
1000 0.0259312
1001 0.025944
1002 0.0259874
1003 0.0260003
1004 0.0260743
1005 0.0260871
1006 0.0261308
1007 0.0261436
1008 0.0262793
1009 0.0262922
1010 0.0263361
1011 0.026349
1012 0.0264238
1013 0.0264366
1014 0.0264806
1015 0.0264935
1016 0.0266146
1017 0.0266275
1018 0.0266718
1019 0.0266848
1020 0.0267599
1021 0.0267729
1022 0.0268172
1023 0.0268319
1024 0.0271677
1025 0.0272108
1026 0.0272541
1027 0.0272672
1028 0.0273433
1029 0.0273564
1030 0.0274012
1031 0.0274143
1032 0.0275219
1033 0.0275351
1034 0.02758
1035 0.0275932
1036 0.0276696
1037 0.0276828
1038 0.0277279
1039 0.0277411
1040 0.0278812
1041 0.0278945
1042 0.0279397
1043 0.027953
1044 0.0280302
1045 0.0280435
1046 0.0280889
1047 0.0281022
1048 0.0284597
1049 0.0284788
1050 0.0285448
1051 0.0285842
1052 0.0287007
1053 0.0287209
1054 0.0287987
1055 0.0288163
1056 0.0296271
1057 0.0296447
1058 0.0297037
1059 0.02972
1060 0.0298202
1061 0.0298369
1062 0.0298964
1063 0.0299137
1064 0.0300844
1065 0.0301017
1066 0.0301572
1067 0.0301728
1068 0.030264
1069 0.0302789
1070 0.0303414
1071 0.030356
1072 0.0305294
1073 0.0305445
1074 0.0305977
1075 0.0306131
1076 0.0307073
1077 0.0307225
1078 0.0307824
1079 0.0307975
1080 0.0309246
1081 0.0309404
1082 0.0309933
1083 0.0310083
1084 0.0311019
1085 0.0311179
1086 0.0311752
1087 0.0311936
1088 0.0314377
1089 0.0314547
1090 0.0315104
1091 0.0315256
1092 0.0316158
1093 0.0316308
1094 0.0316852
1095 0.0317011
1096 0.0318382
1097 0.0318536
1098 0.0319082
1099 0.0319242
1100 0.0320196
1101 0.0320343
1102 0.0320895
1103 0.0321028
1104 0.0322572
1105 0.0322743
1106 0.0323322
1107 0.0323475
1108 0.032438
1109 0.0324521
1110 0.0325001
1111 0.0325142
1112 0.0326302
1113 0.0326451
1114 0.0327674
1115 0.0327847
1116 0.032881
1117 0.0328961
1118 0.032952
1119 0.0329655
1120 0.0331466
1121 0.0331608
1122 0.0333718
1123 0.0333849
1124 0.0337086
1125 0.0337234
1126 0.0337751
1127 0.033791
1128 0.0339107
1129 0.0339258
1130 0.0341524
1131 0.0341681
1132 0.0342652
1133 0.0342808
1134 0.0343293
1135 0.0343463
1136 0.0345119
1137 0.0345281
1138 0.0345927
1139 0.0346075
1140 0.034687
1141 0.0346996
1142 0.0347453
1143 0.0347611
1144 0.034905
1145 0.0349217
1146 0.035098
1147 0.0351114
1148 0.0351923
1149 0.035205
1150 0.035251
1151 0.0352637
1152 0.0355413
1153 0.0355566
1154 0.0356126
1155 0.035629
1156 0.0357231
1157 0.0357384
1158 0.0357884
1159 0.0358031
1160 0.0359238
1161 0.0359385
1162 0.0360609
1163 0.036079
1164 0.0361776
1165 0.0361905
1166 0.0362372
1167 0.0362501
1168 0.0365055
1169 0.0365221
1170 0.0365782
1171 0.0365951
1172 0.0367613
1173 0.0367778
1174 0.0368357
1175 0.0368531
1176 0.0370686
1177 0.0370888
1178 0.0371499
1179 0.0371661
1180 0.0372657
1181 0.0372826
1182 0.037342
1183 0.0373587
1184 0.0375858
1185 0.0376022
1186 0.0376617
1187 0.037678
1188 0.0377804
1189 0.0377967
1190 0.0378581
1191 0.0378763
1192 0.0380213
1193 0.0380375
1194 0.0380966
1195 0.0381132
1196 0.0382163
1197 0.0382325
1198 0.0382911
1199 0.038307
1200 0.0384917
1201 0.0385082
1202 0.0385646
1203 0.038581
1204 0.0386781
1205 0.038692
1206 0.0390334
1207 0.039049
1208 0.0391692
1209 0.0391825
1210 0.0392309
1211 0.0392443
1212 0.0393314
1213 0.0393468
1214 0.0393992
1215 0.0394145
1216 0.0396956
1217 0.039711
1218 0.0397636
1219 0.039779
1220 0.0398724
1221 0.0398878
1222 0.0399407
1223 0.0399563
1224 0.0400836
1225 0.0400991
1226 0.0401522
1227 0.0401677
1228 0.0402582
1229 0.0402737
1230 0.0403269
1231 0.0403428
1232 0.0405081
1233 0.0405237
1234 0.0405772
1235 0.0405928
1236 0.0406839
1237 0.0406995
1238 0.040753
1239 0.0407687
1240 0.0409009
1241 0.0409166
1242 0.0409703
1243 0.040986
1244 0.0410776
1245 0.0410934
1246 0.0411472
1247 0.041163
1248 0.0413685
1249 0.0413843
1250 0.0414384
1251 0.0414543
1252 0.0415464
1253 0.0415623
1254 0.0416165
1255 0.0416324
1256 0.0417628
1257 0.0417787
1258 0.0418331
1259 0.041849
1260 0.0419449
1261 0.0419609
1262 0.0420154
1263 0.0420314
1264 0.0422011
1265 0.0422172
1266 0.0422719
1267 0.0422879
1268 0.0423812
1269 0.0423972
1270 0.0424521
1271 0.0424682
1272 0.0426001
1273 0.0426163
1274 0.0426718
1275 0.0427489
1276 0.0428454
1277 0.0428595
1278 0.0429127
1279 0.0429289
1280 0.0432558
1281 0.043272
1282 0.0433273
1283 0.0433436
1284 0.043438
1285 0.0434542
1286 0.0435099
1287 0.0435262
1288 0.0436681
1289 0.0436845
1290 0.0437404
1291 0.0437567
1292 0.0438658
1293 0.0439313
1294 0.0439906
1295 0.044007
1296 0.0441807
1297 0.0441971
1298 0.0442531
1299 0.0442696
1300 0.0443649
1301 0.0443813
1302 0.0444375
1303 0.044454
1304 0.0445891
1305 0.0446056
1306 0.0446619
1307 0.0446921
1308 0.044784
1309 0.0448004
1310 0.0448569
1311 0.0448746
1312 0.0450923
1313 0.0451089
1314 0.0451655
1315 0.0451821
1316 0.0452786
1317 0.0452952
1318 0.045352
1319 0.0453686
1320 0.0455054
1321 0.045522
1322 0.045579
1323 0.0455957
1324 0.045693
1325 0.0457097
1326 0.0457669
1327 0.0457836
1328 0.0459647
1329 0.0459815
1330 0.0460388
1331 0.0460556
1332 0.0461534
1333 0.0461702
1334 0.0462277
1335 0.0462445
1336 0.046383
1337 0.0463999
1338 0.0464575
1339 0.0464744
1340 0.0465726
1341 0.0465895
1342 0.0466474
1343 0.0466643
1344 0.0469257
1345 0.0469426
1346 0.0470007
1347 0.0470177
1348 0.0471167
1349 0.0471337
1350 0.0471919
1351 0.0472089
1352 0.047349
1353 0.0473661
1354 0.0474245
1355 0.0474416
1356 0.0476933
1357 0.04771
1358 0.0477667
1359 0.0477817
1360 0.0479966
1361 0.0480122
1362 0.0480702
1363 0.0480883
1364 0.0482002
1365 0.0482173
1366 0.0482882
1367 0.0483079
1368 0.0484555
1369 0.0484734
1370 0.0485324
1371 0.0485497
1372 0.0486636
1373 0.0486817
1374 0.0487498
1375 0.0487687
1376 0.0490234
1377 0.0490434
1378 0.0491111
1379 0.04913
1380 0.0492472
1381 0.0493912
1382 0.0494625
1383 0.0494816
1384 0.0496873
1385 0.0497419
1386 0.0498163
1387 0.0498563
1388 0.0499798
1389 0.0499993
1390 0.050066
1391 0.0500848
1392 0.0503107
1393 0.0503303
1394 0.0504
1395 0.0504193
1396 0.0505407
1397 0.0505613
1398 0.0506335
1399 0.0506495
1400 0.0507945
1401 0.0508121
1402 0.0508725
1403 0.0508904
1404 0.0509933
1405 0.051011
1406 0.0514534
1407 0.0514705
1408 0.0517794
1409 0.0517949
1410 0.0518534
1411 0.0518712
1412 0.0520331
1413 0.0520505
1414 0.0521121
1415 0.0521278
1416 0.0522785
1417 0.0522993
1418 0.0524369
1419 0.0524532
1420 0.0525526
1421 0.0525682
1422 0.0526311
1423 0.0526523
1424 0.0528454
1425 0.0528634
1426 0.0529247
1427 0.0529426
1428 0.0530474
1429 0.0530654
1430 0.053127
1431 0.0531451
1432 0.0532998
1433 0.0533179
1434 0.0533797
1435 0.0533978
1436 0.0535032
1437 0.0535213
1438 0.0535832
1439 0.0536014
1440 0.053845
1441 0.0538632
1442 0.0539253
1443 0.0539435
1444 0.0540491
1445 0.0540673
1446 0.0541295
1447 0.0541478
1448 0.0542978
1449 0.054316
1450 0.0543784
1451 0.0543967
1452 0.0545029
1453 0.0545212
1454 0.0545838
1455 0.0546022
1456 0.0547968
1457 0.0548152
1458 0.0548779
1459 0.0548963
1460 0.0550033
1461 0.0550217
1462 0.0550845
1463 0.0551032
1464 0.0552546
1465 0.0552731
1466 0.0553361
1467 0.0553546
1468 0.0554622
1469 0.0554807
1470 0.0555439
1471 0.0555624
1472 0.0558482
1473 0.0558667
1474 0.0559336
1475 0.0559522
1476 0.0560603
1477 0.0560789
1478 0.0561425
1479 0.0561611
1480 0.0563142
1481 0.0563328
1482 0.0564198
1483 0.056438
1484 0.0565464
1485 0.0565651
1486 0.0566289
1487 0.0566476
1488 0.0568464
1489 0.0568652
1490 0.0569292
1491 0.056948
1492 0.0570573
1493 0.0570761
1494 0.0571403
1495 0.0571591
1496 0.0573137
1497 0.0573325
1498 0.057397
1499 0.0574159
1500 0.0575254
1501 0.0575443
1502 0.0576088
1503 0.0576277
1504 0.0578829
1505 0.0579019
1506 0.0579665
1507 0.0579854
1508 0.0580998
1509 0.0581188
1510 0.0581837
1511 0.0582028
1512 0.0583566
1513 0.0583757
1514 0.0584407
1515 0.0584598
1516 0.0585708
1517 0.0585899
1518 0.0586551
1519 0.0586742
1520 0.0588774
1521 0.0588965
1522 0.0589619
1523 0.0589811
1524 0.0590927
1525 0.0591119
1526 0.0591774
1527 0.0591967
1528 0.0593548
1529 0.059374
1530 0.0594397
1531 0.059459
1532 0.059687
1533 0.0597109
1534 0.059791
1535 0.0598141
1536 0.060278
1537 0.0602974
1538 0.060364
1539 0.0603834
1540 0.0604971
1541 0.0605165
1542 0.0605829
1543 0.0606024
1544 0.0607624
1545 0.0607818
1546 0.0608484
1547 0.0608679
1548 0.0609812
1549 0.0610007
1550 0.0610674
1551 0.061087
1552 0.0612944
1553 0.061314
1554 0.0613809
1555 0.0614005
1556 0.0615146
1557 0.0615342
1558 0.0616079
1559 0.0616302
1560 0.0618175
1561 0.0618389
1562 0.0619069
1563 0.0619418
1564 0.0620563
1565 0.062076
1566 0.0621432
1567 0.0621629
1568 0.0624199
1569 0.0624396
1570 0.0625071
1571 0.0625269
1572 0.0626668
1573 0.0626872
1574 0.0627548
1575 0.0627746
1576 0.0629375
1577 0.0629573
1578 0.063025
1579 0.0630449
1580 0.0631756
1581 0.063193
1582 0.0632585
1583 0.0632784
1584 0.0634902
1585 0.0635101
1586 0.0635783
1587 0.0635982
1588 0.0637216
1589 0.0637416
1590 0.0638097
1591 0.0638297
1592 0.0639942
1593 0.0640142
1594 0.0640828
1595 0.0641029
1596 0.0643893
1597 0.0644076
1598 0.0644817
1599 0.0645029
1600 0.0648486
1601 0.0648695
1602 0.0649417
1603 0.0649618
1604 0.065079
1605 0.0650992
1606 0.0651681
1607 0.0651883
1608 0.0653544
1609 0.0653746
1610 0.0654437
1611 0.0654639
1612 0.0655818
1613 0.065602
1614 0.0656713
1615 0.0656916
1616 0.065957
1617 0.065978
1618 0.0660472
1619 0.0660675
1620 0.0662061
1621 0.0662245
1622 0.0662915
1623 0.0663119
1624 0.0664993
1625 0.0665204
1626 0.0665902
1627 0.0666106
1628 0.0667296
1629 0.0667501
1630 0.06682
1631 0.0668405
1632 0.0671077
1633 0.0671282
1634 0.0671983
1635 0.0672189
1636 0.0673386
1637 0.0673591
1638 0.0674363
1639 0.0674569
1640 0.0676263
1641 0.0676469
1642 0.0677174
1643 0.067738
1644 0.0678582
1645 0.0678788
1646 0.0683291
1647 0.0683477
1648 0.0686175
1649 0.0686388
1650 0.0687094
1651 0.0687302
1652 0.0689126
1653 0.0689342
1654 0.0690087
1655 0.0690295
1656 0.0692005
1657 0.0692213
1658 0.069306
1659 0.0693248
1660 0.0694432
1661 0.069464
1662 0.0696217
1663 0.0696406
1664 0.0700171
1665 0.070038
1666 0.0701095
1667 0.0701304
1668 0.0702523
1669 0.0702733
1670 0.0703451
1671 0.0703661
1672 0.0705387
1673 0.0705597
1674 0.0706315
1675 0.0706526
1676 0.0707751
1677 0.0707961
1678 0.070868
1679 0.0708891
1680 0.0711166
1681 0.0711377
1682 0.0712099
1683 0.071231
1684 0.0713541
1685 0.0713753
1686 0.0714476
1687 0.0714687
1688 0.071643
1689 0.0716642
1690 0.0717366
1691 0.0717579
1692 0.0718814
1693 0.0719027
1694 0.0719787
1695 0.072
1696 0.0722774
1697 0.0722988
1698 0.0723715
1699 0.0723929
1700 0.0725286
1701 0.07255
1702 0.0726228
1703 0.0726441
1704 0.0728199
1705 0.0728413
1706 0.0729146
1707 0.072936
1708 0.073068
1709 0.0730895
1710 0.0731627
1711 0.0731842
1712 0.0734126
1713 0.0734341
1714 0.0735076
1715 0.0735291
1716 0.0736624
1717 0.073684
1718 0.0737577
1719 0.0737793
1720 0.0739567
1721 0.0739783
1722 0.0740521
1723 0.0740737
1724 0.0741997
1725 0.0742214
1726 0.074316
1727 0.0743368
1728 0.0746798
1729 0.0747015
1730 0.0747756
1731 0.0747973
1732 0.0749239
1733 0.0749456
1734 0.0750199
1735 0.0750417
1736 0.0752209
1737 0.0752427
1738 0.0753172
1739 0.075339
1740 0.075466
1741 0.0754878
1742 0.0755757
1743 0.0755995
1744 0.0759035
1745 0.0759255
1746 0.0759977
1747 0.0760196
1748 0.0761415
1749 0.0761606
1750 0.0762327
1751 0.0762547
1752 0.0764355
1753 0.0764574
1754 0.0765326
1755 0.0765546
1756 0.0766828
1757 0.0767048
1758 0.0767801
1759 0.0768023
1760 0.0770934
1761 0.0771155
1762 0.0771912
1763 0.0772133
1764 0.0773421
1765 0.0773642
1766 0.0774398
1767 0.077462
1768 0.0776444
1769 0.0776666
1770 0.0777424
1771 0.0777646
1772 0.0778939
1773 0.0779161
1774 0.0779921
1775 0.0780144
1776 0.0782512
1777 0.0782735
1778 0.0783496
1779 0.0783719
1780 0.0785018
1781 0.0785241
1782 0.0786004
1783 0.0786227
1784 0.0788067
1785 0.0788291
1786 0.0789055
1787 0.0789279
1788 0.0790581
1789 0.0790805
1790 0.0791571
1791 0.0791795
1792 0.0797042
1793 0.0797273
1794 0.0798042
1795 0.0798267
1796 0.0799613
1797 0.0799838
1798 0.0800609
1799 0.0800835
1800 0.0802693
1801 0.0802919
1802 0.080369
1803 0.0803916
1804 0.0805233
1805 0.0805459
1806 0.0806234
1807 0.080646
1808 0.0810443
1809 0.0810659
1810 0.0811401
1811 0.0811599
1812 0.0812926
1813 0.0813181
1814 0.0814039
1815 0.0814243
1816 0.0816117
1817 0.0816345
1818 0.0817123
1819 0.0817646
1820 0.0818975
1821 0.0819207
1822 0.0820016
1823 0.0820245
1824 0.0823225
1825 0.0823454
1826 0.0824238
1827 0.0824466
1828 0.0825801
1829 0.082603
1830 0.0826916
1831 0.0827175
1832 0.082927
1833 0.0829518
1834 0.0830305
1835 0.0830535
1836 0.0831875
1837 0.0832105
1838 0.0832892
1839 0.0833122
1840 0.0835798
1841 0.084022
1842 0.0841038
1843 0.084127
1844 0.0842587
1845 0.0842818
1846 0.0843725
1847 0.0843958
1848 0.0846148
1849 0.084642
1850 0.084732
1851 0.0847587
1852 0.0849392
1853 0.0849665
1854 0.085057
1855 0.0850847
1856 0.0856271
1857 0.0856481
1858 0.0857246
1859 0.085748
1860 0.0858896
1861 0.0859142
1862 0.0859939
1863 0.0860174
1864 0.0862096
1865 0.086233
1866 0.0863127
1867 0.0863361
1868 0.0864724
1869 0.0864958
1870 0.0865758
1871 0.0865993
1872 0.0868487
1873 0.0868721
1874 0.0869523
1875 0.0869758
1876 0.0871162
1877 0.0871397
1878 0.0872201
1879 0.0872437
1880 0.0874374
1881 0.087461
1882 0.0875417
1883 0.0875653
1884 0.0877028
1885 0.0877264
1886 0.0878071
1887 0.0878307
1888 0.0881393
1889 0.0881629
1890 0.0882438
1891 0.0882675
1892 0.0884055
1893 0.0884292
1894 0.0885103
1895 0.088534
1896 0.0887293
1897 0.0887531
1898 0.0888342
1899 0.0888579
1900 0.0889966
1901 0.0890204
1902 0.0891017
1903 0.0891255
1904 0.089379
1905 0.0894029
1906 0.0894844
1907 0.0895614
1908 0.0897005
1909 0.0897244
1910 0.0898061
1911 0.0898299
1912 0.0900269
1913 0.0900509
1914 0.0901327
1915 0.0901567
1916 0.0902964
1917 0.0903203
1918 0.0904094
1919 0.0904349
1920 0.0908647
1921 0.0908887
1922 0.090971
1923 0.0909951
1924 0.0911353
1925 0.0911594
1926 0.0912418
1927 0.0912659
1928 0.0914783
1929 0.0915051
1930 0.0915942
1931 0.0916191
1932 0.09176
1933 0.0917842
1934 0.0918669
1935 0.0918911
1936 0.0921521
1937 0.0921764
1938 0.0922592
1939 0.0922835
1940 0.092429
1941 0.0924557
1942 0.0925358
1943 0.0925601
1944 0.0927602
1945 0.0927845
1946 0.0928677
1947 0.092892
1948 0.0930486
1949 0.093073
1950 0.0931572
1951 0.0931816
1952 0.0935038
1953 0.0935282
1954 0.0936141
1955 0.0936419
1956 0.0937829
1957 0.0938073
1958 0.0938917
1959 0.0939162
1960 0.094136
1961 0.0941612
1962 0.0942451
1963 0.0942696
1964 0.0944127
1965 0.0944373
1966 0.0945215
1967 0.0945461
1968 0.094808
1969 0.0948326
1970 0.0949168
1971 0.0949422
1972 0.0950886
1973 0.0951132
1974 0.0951976
1975 0.0952223
1976 0.0954258
1977 0.0954505
1978 0.095535
1979 0.0955598
1980 0.095704
1981 0.0957288
1982 0.0958135
1983 0.0958383
1984 0.0962219
1985 0.0962467
1986 0.0963318
1987 0.0963567
1988 0.0965016
1989 0.0965265
1990 0.0966115
1991 0.0966364
1992 0.0968414
1993 0.0968664
1994 0.096955
1995 0.0969799
1996 0.0971254
1997 0.0971504
1998 0.0972359
1999 0.0972609
2000 0.0975272
2001 0.09765
2002 0.0977355
2003 0.0977809
2004 0.0979436
2005 0.0979661
2006 0.0980485
2007 0.0980736
2008 0.0982803
2009 0.0983054
2010 0.0983913
2011 0.0984165
2012 0.0985631
2013 0.0985882
2014 0.0987111
2015 0.0987337
2016 0.099063
2017 0.0990882
2018 0.0991744
2019 0.0991997
2020 0.0993468
2021 0.0993721
2022 0.0994584
2023 0.0994837
2024 0.0997782
2025 0.0998042
2026 0.0998914
2027 0.0999167
2028 0.100309
2029 0.100333
2030 0.10042
2031 0.100447
2032 0.100724
2033 0.100747
2034 0.100828
2035 0.10085
2036 0.101063
2037 0.101085
2038 0.101234
2039 0.101258
2040 0.101461
2041 0.101483
2042 0.101592
2043 0.101614
2044 0.101757
2045 0.101779
2046 0.10186
2047 0.101882
2048 0.102588
2049 0.102674
2050 0.102766
2051 0.102788
2052 0.102931
2053 0.102956
2054 0.103048
2055 0.103073
2056 0.103285
2057 0.103311
2058 0.103399
2059 0.103425
2060 0.103575
2061 0.1036
2062 0.103694
2063 0.10372
2064 0.104009
2065 0.104036
2066 0.104124
2067 0.10415
2068 0.104301
2069 0.104327
2070 0.104415
2071 0.104441
2072 0.104658
2073 0.104683
2074 0.104772
2075 0.104798
2076 0.104949
2077 0.104977
2078 0.105067
2079 0.105093
2080 0.105433
2081 0.105459
2082 0.105548
2083 0.105574
2084 0.105725
2085 0.105752
2086 0.105841
2087 0.105867
2088 0.106087
2089 0.106113
2090 0.106202
2091 0.106228
2092 0.10638
2093 0.106407
2094 0.106496
2095 0.106522
2096 0.106802
2097 0.106828
2098 0.106918
2099 0.106944
2100 0.107097
2101 0.107123
2102 0.107213
2103 0.107244
2104 0.107627
2105 0.107651
2106 0.107737
2107 0.107764
2108 0.107917
2109 0.107943
2110 0.108034
2111 0.10806
2112 0.108469
2113 0.108495
2114 0.108585
2115 0.108626
2116 0.10878
2117 0.108807
2118 0.108897
2119 0.108924
2120 0.109142
2121 0.109169
2122 0.109259
2123 0.109286
2124 0.109441
2125 0.109467
2126 0.109727
2127 0.109803
2128 0.110098
2129 0.110124
2130 0.110215
2131 0.110242
2132 0.110397
2133 0.110424
2134 0.110515
2135 0.110542
2136 0.110762
2137 0.110789
2138 0.110888
2139 0.110915
2140 0.111074
2141 0.111101
2142 0.111193
2143 0.111219
2144 0.11157
2145 0.111596
2146 0.111688
2147 0.111715
2148 0.111903
2149 0.11193
2150 0.112022
2151 0.112049
2152 0.112271
2153 0.112298
2154 0.11239
2155 0.112416
2156 0.112573
2157 0.1126
2158 0.112693
2159 0.112719
2160 0.113054
2161 0.113081
2162 0.113174
2163 0.113201
2164 0.113358
2165 0.113385
2166 0.113478
2167 0.113505
2168 0.113742
2169 0.113769
2170 0.113861
2171 0.113888
2172 0.114047
2173 0.114074
2174 0.114166
2175 0.114194
2176 0.114761
2177 0.114791
2178 0.114902
2179 0.114935
2180 0.115124
2181 0.115148
2182 0.115254
2183 0.115279
2184 0.115502
2185 0.115529
2186 0.115631
2187 0.115658
2188 0.115814
2189 0.115838
2190 0.115959
2191 0.115984
2192 0.116265
2193 0.116292
2194 0.116382
2195 0.116406
2196 0.116559
2197 0.116583
2198 0.116673
2199 0.1167
2200 0.11692
2201 0.116944
2202 0.117048
2203 0.117078
2204 0.117262
2205 0.117286
2206 0.117377
2207 0.117401
2208 0.117755
2209 0.117782
2210 0.117904
2211 0.117929
2212 0.118089
2213 0.118113
2214 0.118204
2215 0.118232
2216 0.118452
2217 0.118476
2218 0.118568
2219 0.118592
2220 0.118746
2221 0.11877
2222 0.118861
2223 0.118886
2224 0.119171
2225 0.119195
2226 0.119286
2227 0.11931
2228 0.119465
2229 0.11949
2230 0.119649
2231 0.119674
2232 0.119896
2233 0.119921
2234 0.120012
2235 0.120037
2236 0.120192
2237 0.120217
2238 0.120308
2239 0.120333
2240 0.120751
2241 0.120775
2242 0.120867
2243 0.120891
2244 0.121047
2245 0.121072
2246 0.121164
2247 0.121188
2248 0.121412
2249 0.121437
2250 0.121529
2251 0.121553
2252 0.12171
2253 0.121734
2254 0.121827
2255 0.121852
2256 0.122141
2257 0.122165
2258 0.122258
2259 0.122283
2260 0.12244
2261 0.122464
2262 0.122557
2263 0.122581
2264 0.122807
2265 0.122832
2266 0.123056
2267 0.123082
2268 0.123359
2269 0.123393
2270 0.123515
2271 0.123549
2272 0.124019
2273 0.124052
2274 0.124173
2275 0.124207
2276 0.124415
2277 0.12445
2278 0.124571
2279 0.124605
2280 0.124901
2281 0.124935
2282 0.125057
2283 0.125091
2284 0.1253
2285 0.125334
2286 0.125455
2287 0.125489
2288 0.125873
2289 0.125907
2290 0.126029
2291 0.126063
2292 0.126273
2293 0.126307
2294 0.126429
2295 0.126463
2296 0.126762
2297 0.126796
2298 0.126919
2299 0.126953
2300 0.127163
2301 0.127198
2302 0.12732
2303 0.127355
2304 0.128098
2305 0.128134
2306 0.128286
2307 0.128322
2308 0.128533
2309 0.128567
2310 0.12869
2311 0.128725
2312 0.129024
2313 0.129059
2314 0.129182
2315 0.129217
2316 0.129426
2317 0.129461
2318 0.129615
2319 0.12965
2320 0.130041
2321 0.130075
2322 0.130199
2323 0.130233
2324 0.130446
2325 0.130481
2326 0.130605
2327 0.13064
2328 0.130948
2329 0.130982
2330 0.131187
2331 0.131222
2332 0.131436
2333 0.13147
2334 0.131594
2335 0.131629
2336 0.132111
2337 0.132146
2338 0.132295
2339 0.13233
2340 0.132544
2341 0.132579
2342 0.132704
2343 0.132737
2344 0.133034
2345 0.133069
2346 0.133187
2347 0.133219
2348 0.13343
2349 0.133464
2350 0.133589
2351 0.133624
2352 0.134012
2353 0.134045
2354 0.134169
2355 0.134204
2356 0.134415
2357 0.134448
2358 0.134564
2359 0.134597
2360 0.134888
2361 0.13501
2362 0.135134
2363 0.135167
2364 0.135368
2365 0.135401
2366 0.135518
2367 0.135552
2368 0.136131
2369 0.136166
2370 0.136333
2371 0.13637
2372 0.136588
2373 0.136623
2374 0.136749
2375 0.136785
2376 0.137095
2377 0.137131
2378 0.137257
2379 0.137293
2380 0.137511
2381 0.137546
2382 0.137673
2383 0.137709
2384 0.138109
2385 0.138144
2386 0.138273
2387 0.138307
2388 0.138514
2389 0.138549
2390 0.138676
2391 0.138712
2392 0.139017
2393 0.139053
2394 0.13918
2395 0.139215
2396 0.139435
2397 0.13947
2398 0.139622
2399 0.139659
2400 0.140154
2401 0.14019
2402 0.140343
2403 0.140379
2404 0.1406
2405 0.140635
2406 0.140764
2407 0.140799
2408 0.141112
2409 0.141148
2410 0.141277
2411 0.141313
2412 0.141533
2413 0.141569
2414 0.141698
2415 0.141734
2416 0.142136
2417 0.14217
2418 0.142295
2419 0.14233
2420 0.142551
2421 0.142587
2422 0.142716
2423 0.142752
2424 0.143261
2425 0.143309
2426 0.143479
2427 0.143525
2428 0.143899
2429 0.143946
2430 0.144121
2431 0.144174
2432 0.145103
2433 0.145134
2434 0.145238
2435 0.145268
2436 0.145445
2437 0.145476
2438 0.145579
2439 0.14561
2440 0.145861
2441 0.145891
2442 0.145995
2443 0.146026
2444 0.146207
2445 0.146238
2446 0.146342
2447 0.146372
2448 0.146698
2449 0.146728
2450 0.146833
2451 0.146863
2452 0.147052
2453 0.147079
2454 0.147181
2455 0.147211
2456 0.147467
2457 0.147497
2458 0.147727
2459 0.147755
2460 0.147934
2461 0.147966
2462 0.148069
2463 0.1481
2464 0.148502
2465 0.148532
2466 0.148637
2467 0.148668
2468 0.148848
2469 0.148879
2470 0.148994
2471 0.149029
2472 0.149291
2473 0.149323
2474 0.149428
2475 0.149459
2476 0.149701
2477 0.149733
2478 0.149838
2479 0.149869
2480 0.150441
2481 0.150475
2482 0.150621
2483 0.150657
2484 0.150859
2485 0.150886
2486 0.150988
2487 0.151019
2488 0.151348
2489 0.151376
2490 0.151533
2491 0.151561
2492 0.151731
2493 0.151758
2494 0.151864
2495 0.151891
2496 0.152377
2497 0.152408
2498 0.152514
2499 0.152545
2500 0.152727
2501 0.152758
2502 0.152873
2503 0.152903
2504 0.153157
2505 0.153188
2506 0.153295
2507 0.153327
2508 0.153509
2509 0.15354
2510 0.153684
2511 0.153712
2512 0.154042
2513 0.154073
2514 0.15418
2515 0.154212
2516 0.154394
2517 0.154464
2518 0.15457
2519 0.154601
2520 0.15486
2521 0.154892
2522 0.154999
2523 0.155031
2524 0.155218
2525 0.155249
2526 0.155357
2527 0.155388
2528 0.1558
2529 0.155831
2530 0.155939
2531 0.15597
2532 0.156158
2533 0.156189
2534 0.156447
2535 0.156496
2536 0.156937
2537 0.156993
2538 0.15713
2539 0.157162
2540 0.157346
2541 0.157378
2542 0.157486
2543 0.157518
2544 0.157856
2545 0.157887
2546 0.157996
2547 0.158027
2548 0.158213
2549 0.158244
2550 0.158353
2551 0.158385
2552 0.158647
2553 0.158679
2554 0.158788
2555 0.15882
2556 0.159005
2557 0.159037
2558 0.159146
2559 0.159178
2560 0.159957
2561 0.15999
2562 0.160102
2563 0.160134
2564 0.160321
2565 0.160353
2566 0.160462
2567 0.160494
2568 0.160758
2569 0.16079
2570 0.160899
2571 0.160931
2572 0.161118
2573 0.16115
2574 0.16126
2575 0.161292
2576 0.161634
2577 0.161666
2578 0.161776
2579 0.161808
2580 0.161996
2581 0.162028
2582 0.162138
2583 0.16217
2584 0.162444
2585 0.162476
2586 0.162586
2587 0.162619
2588 0.162806
2589 0.162839
2590 0.162949
2591 0.162981
2592 0.163474
2593 0.163503
2594 0.163614
2595 0.163646
2596 0.163835
2597 0.163867
2598 0.163978
2599 0.164011
2600 0.164292
2601 0.164325
2602 0.164435
2603 0.164471
2604 0.164677
2605 0.16471
2606 0.164821
2607 0.164854
2608 0.165209
2609 0.165242
2610 0.165369
2611 0.165398
2612 0.16559
2613 0.165622
2614 0.165737
2615 0.165774
2616 0.16606
2617 0.166089
2618 0.166198
2619 0.166231
2620 0.166499
2621 0.166529
2622 0.166635
2623 0.166663
2624 0.16717
2625 0.167203
2626 0.167315
2627 0.167348
2628 0.167538
2629 0.167571
2630 0.167683
2631 0.167716
2632 0.167986
2633 0.168019
2634 0.168131
2635 0.168164
2636 0.168355
2637 0.168388
2638 0.168501
2639 0.168533
2640 0.168884
2641 0.168917
2642 0.169029
2643 0.169062
2644 0.169254
2645 0.169287
2646 0.1694
2647 0.169433
2648 0.169744
2649 0.169774
2650 0.169882
2651 0.169915
2652 0.170108
2653 0.170141
2654 0.170254
2655 0.170287
2656 0.170738
2657 0.170772
2658 0.170885
2659 0.170918
2660 0.171111
2661 0.171144
2662 0.171257
2663 0.17129
2664 0.171564
2665 0.171597
2666 0.171711
2667 0.171744
2668 0.171937
2669 0.171971
2670 0.172084
2671 0.172118
2672 0.172472
2673 0.172505
2674 0.172619
2675 0.172652
2676 0.172877
2677 0.172916
2678 0.173045
2679 0.173079
2680 0.173354
2681 0.173387
2682 0.173502
2683 0.173535
2684 0.17373
2685 0.173763
2686 0.173877
2687 0.173911
2688 0.174543
2689 0.174573
2690 0.174695
2691 0.174725
2692 0.174916
2693 0.17495
2694 0.175065
2695 0.175098
2696 0.175378
2697 0.175412
2698 0.175531
2699 0.175563
2700 0.175754
2701 0.175788
2702 0.175903
2703 0.175936
2704 0.176295
2705 0.176329
2706 0.176444
2707 0.176478
2708 0.176674
2709 0.176708
2710 0.176823
2711 0.176857
2712 0.177136
2713 0.177169
2714 0.177285
2715 0.177319
2716 0.177597
2717 0.177627
2718 0.177739
2719 0.177772
2720 0.178215
2721 0.178249
2722 0.178367
2723 0.178408
2724 0.178666
2725 0.1787
2726 0.178872
2727 0.178902
2728 0.179173
2729 0.179207
2730 0.179323
2731 0.179357
2732 0.179659
2733 0.179702
2734 0.179822
2735 0.179856
2736 0.180206
2737 0.180236
2738 0.180348
2739 0.180378
2740 0.180568
2741 0.180597
2742 0.180705
2743 0.180735
2744 0.181008
2745 0.181042
2746 0.181174
2747 0.181211
2748 0.181439
2749 0.181477
2750 0.181617
2751 0.181658
2752 0.182341
2753 0.182383
2754 0.182528
2755 0.182568
2756 0.182817
2757 0.182858
2758 0.183004
2759 0.183042
2760 0.183397
2761 0.183435
2762 0.183583
2763 0.183622
2764 0.183916
2765 0.183956
2766 0.184102
2767 0.184142
2768 0.184607
2769 0.184651
2770 0.184794
2771 0.184834
2772 0.185089
2773 0.18513
2774 0.185279
2775 0.185321
2776 0.185645
2777 0.18568
2778 0.185799
2779 0.185833
2780 0.186035
2781 0.186069
2782 0.186188
2783 0.186222
2784 0.186675
2785 0.18671
2786 0.186829
2787 0.186863
2788 0.187066
2789 0.187101
2790 0.187219
2791 0.187254
2792 0.187541
2793 0.187575
2794 0.187694
2795 0.187729
2796 0.187932
2797 0.187967
2798 0.188086
2799 0.18812
2800 0.188492
2801 0.188527
2802 0.188646
2803 0.188681
2804 0.188884
2805 0.188919
2806 0.189039
2807 0.189073
2808 0.189361
2809 0.189396
2810 0.189592
2811 0.189633
2812 0.189857
2813 0.189892
2814 0.190038
2815 0.190071
2816 0.19078
2817 0.190815
2818 0.190987
2819 0.191023
2820 0.191228
2821 0.191263
2822 0.191383
2823 0.191418
2824 0.191708
2825 0.191743
2826 0.191863
2827 0.191899
2828 0.192104
2829 0.192139
2830 0.19226
2831 0.192295
2832 0.192671
2833 0.192706
2834 0.192867
2835 0.192899
2836 0.1931
2837 0.193135
2838 0.193256
2839 0.193292
2840 0.193593
2841 0.193629
2842 0.193749
2843 0.193785
2844 0.193991
2845 0.194027
2846 0.194148
2847 0.194183
2848 0.194646
2849 0.194682
2850 0.194811
2851 0.194843
2852 0.195045
2853 0.195081
2854 0.195202
2855 0.195263
2856 0.195555
2857 0.19559
2858 0.195712
2859 0.195747
2860 0.195975
2861 0.196011
2862 0.196133
2863 0.196168
2864 0.196569
2865 0.196605
2866 0.196727
2867 0.196763
2868 0.196971
2869 0.197007
2870 0.197129
2871 0.197165
2872 0.197459
2873 0.197495
2874 0.197617
2875 0.197653
2876 0.197862
2877 0.197897
2878 0.19802
2879 0.198056
2880 0.198611
2881 0.198647
2882 0.19877
2883 0.198806
2884 0.199015
2885 0.199051
2886 0.199185
2887 0.199225
2888 0.19957
2889 0.199616
2890 0.199742
2891 0.199778
2892 0.199988
2893 0.200023
2894 0.200161
2895 0.200198
2896 0.200617
2897 0.200659
2898 0.200775
2899 0.200807
2900 0.201016
2901 0.201048
2902 0.201162
2903 0.201193
2904 0.201472
2905 0.201504
2906 0.201623
2907 0.201654
2908 0.201888
2909 0.20192
2910 0.202039
2911 0.202075
2912 0.202549
2913 0.202585
2914 0.202709
2915 0.202745
2916 0.202957
2917 0.202993
2918 0.203117
2919 0.203153
2920 0.203453
2921 0.203489
2922 0.203613
2923 0.20365
2924 0.203862
2925 0.203902
2926 0.204028
2927 0.20406
2928 0.204443
2929 0.20448
2930 0.204604
2931 0.204641
2932 0.204853
2933 0.20489
2934 0.205015
2935 0.205047
2936 0.205339
2937 0.205375
2938 0.2055
2939 0.205536
2940 0.20575
2941 0.205786
2942 0.205911
2943 0.205948
2944 0.206604
2945 0.20664
2946 0.206765
2947 0.206802
2948 0.207016
2949 0.207053
2950 0.207193
2951 0.207227
2952 0.207527
2953 0.207564
2954 0.20769
2955 0.207726
2956 0.207941
2957 0.207977
2958 0.208103
2959 0.20814
2960 0.208532
2961 0.208569
2962 0.208695
2963 0.208732
2964 0.208947
2965 0.208984
2966 0.20911
2967 0.209147
2968 0.209451
2969 0.209488
2970 0.209676
2971 0.209713
2972 0.209929
2973 0.209966
2974 0.210092
2975 0.210129
2976 0.210636
2977 0.210682
2978 0.21084
2979 0.210915
2980 0.211134
2981 0.211167
2982 0.211295
2983 0.211328
2984 0.211638
2985 0.211682
2986 0.211812
2987 0.211849
2988 0.212079
2989 0.212112
2990 0.212235
2991 0.212278
2992 0.212773
2993 0.21281
2994 0.212939
2995 0.212983
2996 0.213211
2997 0.213249
2998 0.213376
2999 0.213414
