0 8.446e-06
1 1.1753e-05
2 1.4237e-05
3 1.6301e-05
4 1.8285e-05
5 1.9537e-05
6 2.0299e-05
7 2.102e-05
8 2.2002e-05
9 2.3425e-05
10 2.4226e-05
11 2.5138e-05
12 2.597e-05
13 2.6821e-05
14 2.7763e-05
15 2.8655e-05
16 2.9887e-05
17 3.1701e-05
18 3.2713e-05
19 3.3734e-05
20 3.4776e-05
21 3.5838e-05
22 3.6901e-05
23 3.7993e-05
24 3.9125e-05
25 4.0287e-05
26 4.1459e-05
27 4.2651e-05
28 4.3834e-05
29 4.5056e-05
30 4.6288e-05
31 4.7531e-05
32 4.9054e-05
33 5.1719e-05
34 5.3091e-05
35 5.4424e-05
36 5.5767e-05
37 5.7129e-05
38 5.8522e-05
39 5.9934e-05
40 6.1437e-05
41 6.297e-05
42 6.4523e-05
43 6.6086e-05
44 6.7629e-05
45 6.9192e-05
46 7.0785e-05
47 7.2398e-05
48 7.4001e-05
49 7.5624e-05
50 7.7268e-05
51 7.8931e-05
52 8.0624e-05
53 8.2337e-05
54 8.4071e-05
55 8.5824e-05
56 8.7597e-05
57 8.9401e-05
58 9.1224e-05
59 9.3058e-05
60 9.4931e-05
61 9.6805e-05
62 9.8708e-05
63 0.000100642
64 0.000102876
65 0.000128044
66 0.000130048
67 0.000132062
68 0.000134106
69 0.00013617
70 0.000138244
71 0.000140348
72 0.000142482
73 0.000144626
74 0.0001468
75 0.000148984
76 0.000151279
77 0.000153563
78 0.000155898
79 0.000158232
80 0.000160546
81 0.000162901
82 0.000165255
83 0.00016765
84 0.000170024
85 0.000172429
86 0.000174844
87 0.000177288
88 0.000179753
89 0.000182248
90 0.000184753
91 0.000187297
92 0.000189852
93 0.000192437
94 0.000195032
95 0.000197647
96 0.000200282
97 0.000202947
98 0.000205622
99 0.000208328
100 0.000211053
101 0.000213808
102 0.000216593
103 0.000219379
104 0.000222194
105 0.000225029
106 0.000227875
107 0.00023075
108 0.000233646
109 0.000236571
110 0.000239577
111 0.000242623
112 0.000245669
113 0.000248755
114 0.000251821
115 0.000254896
116 0.000258002
117 0.000261118
118 0.000264234
119 0.00026737
120 0.000270526
121 0.000273722
122 0.000276918
123 0.000280145
124 0.000283391
125 0.000286657
126 0.000289943
127 0.00029325
128 0.000297588
129 0.000305423
130 0.000308809
131 0.000312226
132 0.000315632
133 0.000319069
134 0.000322545
135 0.000326052
136 0.000329569
137 0.000333156
138 0.000336763
139 0.00034042
140 0.000344077
141 0.000347743
142 0.00035141
143 0.000355118
144 0.000358825
145 0.000362562
146 0.000366299
147 0.000370056
148 0.000373833
149 0.000377641
150 0.000381458
151 0.000385305
152 0.000389173
153 0.00039306
154 0.000396967
155 0.000400905
156 0.000404852
157 0.00040883
158 0.000412828
159 0.000416855
160 0.000420933
161 0.000425041
162 0.000429189
163 0.000433347
164 0.000437485
165 0.000441653
166 0.000445841
167 0.000450049
168 0.000454267
169 0.000458495
170 0.000462763
171 0.000467041
172 0.000471339
173 0.000475658
174 0.000480006
175 0.000484364
176 0.000488752
177 0.000493161
178 0.000497589
179 0.000501998
180 0.000506476
181 0.000511025
182 0.000515694
183 0.000520273
184 0.000524881
185 0.00052949
186 0.000534099
187 0.000538728
188 0.000543377
189 0.000548046
190 0.000552745
191 0.000557464
192 0.000562553
193 0.000568565
194 0.000573494
195 0.000579115
196 0.000584796
197 0.000589645
198 0.000594514
199 0.000599404
200 0.000604363
201 0.000609343
202 0.000614352
203 0.000619372
204 0.000624371
205 0.000629391
206 0.00063444
207 0.0006395
208 0.00064459
209 0.0006497
210 0.000654819
211 0.000659969
212 0.000665149
213 0.000670339
214 0.000675559
215 0.000680799
216 0.000686049
217 0.000691329
218 0.000696689
219 0.000702059
220 0.00070745
221 0.00071287
222 0.00071825
223 0.000723701
224 0.000729111
225 0.000734561
226 0.000740012
227 0.000745482
228 0.000751003
229 0.000756533
230 0.000762094
231 0.000767675
232 0.000773285
233 0.000778906
234 0.000784557
235 0.000790268
236 0.000796009
237 0.00080177
238 0.000807551
239 0.000813302
240 0.000819083
241 0.000824884
242 0.000830705
243 0.000836546
244 0.000842407
245 0.000848288
246 0.0008542
247 0.000860131
248 0.000866082
249 0.000872054
250 0.000878095
251 0.000884157
252 0.000890238
253 0.00089635
254 0.000902432
255 0.000908533
256 0.000915276
257 0.000928311
258 0.000934483
259 0.000940645
260 0.000946856
261 0.000953068
262 0.00095933
263 0.000965602
264 0.000971934
265 0.000978286
266 0.000984669
267 0.000991081
268 0.000997503
269 0.00100392
270 0.0010104
271 0.00101686
272 0.00102336
273 0.00102986
274 0.00103646
275 0.00104297
276 0.00104953
277 0.00105612
278 0.00106275
279 0.0010694
280 0.00107608
281 0.00108281
282 0.00108953
283 0.00109625
284 0.00110302
285 0.0011098
286 0.00111657
287 0.00112337
288 0.00113019
289 0.00113702
290 0.00114387
291 0.0011508
292 0.00115773
293 0.00116469
294 0.00117169
295 0.0011787
296 0.00118571
297 0.00119275
298 0.00120087
299 0.00120919
300 0.00121717
301 0.00122508
302 0.00123301
303 0.00124227
304 0.0012503
305 0.00125889
306 0.00126778
307 0.0012759
308 0.00128455
309 0.00129332
310 0.00130158
311 0.00130988
312 0.00131839
313 0.0013272
314 0.0013366
315 0.00134609
316 0.00135619
317 0.00136456
318 0.0013721
319 0.00137961
320 0.00138718
321 0.00139475
322 0.00140233
323 0.00141164
324 0.00142017
325 0.00142888
326 0.00143737
327 0.00144599
328 0.00145451
329 0.00146326
330 0.0014722
331 0.00148256
332 0.00149467
333 0.00150327
334 0.00151135
335 0.00151927
336 0.0015272
337 0.00153664
338 0.00154584
339 0.00155475
340 0.00156368
341 0.00157269
342 0.00158175
343 0.00159085
344 0.0016014
345 0.00161394
346 0.00162338
347 0.00163235
348 0.00164116
349 0.00164935
350 0.00165815
351 0.00166763
352 0.00167702
353 0.00168639
354 0.00169568
355 0.00170522
356 0.00171485
357 0.00172557
358 0.00173687
359 0.0017452
360 0.00175358
361 0.0017619
362 0.00177036
363 0.00178051
364 0.00179028
365 0.00179979
366 0.00180914
367 0.00181863
368 0.00182823
369 0.00183815
370 0.00184789
371 0.00185819
372 0.001868
373 0.00187828
374 0.00188888
375 0.00189951
376 0.00191017
377 0.00192022
378 0.00193004
379 0.00194021
380 0.00195067
381 0.00196079
382 0.00197136
383 0.00198152
384 0.00199146
385 0.00200166
386 0.00201178
387 0.00202193
388 0.00203206
389 0.00204227
390 0.00205261
391 0.00206274
392 0.00207344
393 0.00208414
394 0.00209484
395 0.00210651
396 0.00211873
397 0.00212933
398 0.00214105
399 0.0021531
400 0.0021643
401 0.00217598
402 0.00218724
403 0.00219854
404 0.00220954
405 0.00231154
406 0.00232575
407 0.00233765
408 0.00234984
409 0.00236221
410 0.00237488
411 0.00238737
412 0.00239991
413 0.00241299
414 0.0024258
415 0.00243858
416 0.00245144
417 0.00246432
418 0.00247694
419 0.0024899
420 0.00250272
421 0.00251556
422 0.0025285
423 0.0025413
424 0.00255438
425 0.00256754
426 0.00258093
427 0.00259391
428 0.0026073
429 0.00262045
430 0.00263359
431 0.00264647
432 0.00265954
433 0.00267209
434 0.00268432
435 0.00269646
436 0.00270873
437 0.00272178
438 0.00273414
439 0.00274735
440 0.00276005
441 0.00277241
442 0.0027857
443 0.00279729
444 0.00280945
445 0.0028216
446 0.00283399
447 0.00284632
448 0.00285879
449 0.00287057
450 0.00288261
451 0.00289477
452 0.00290806
453 0.00292204
454 0.00293447
455 0.00294653
456 0.00295885
457 0.00297064
458 0.0029836
459 0.00299606
460 0.00300805
461 0.00301983
462 0.00303171
463 0.00304384
464 0.00305616
465 0.00306877
466 0.00308174
467 0.00309431
468 0.00310716
469 0.0031194
470 0.00313229
471 0.00314555
472 0.00315875
473 0.00317106
474 0.00318378
475 0.00319629
476 0.00320926
477 0.00322147
478 0.00323414
479 0.00324745
480 0.00326081
481 0.00327379
482 0.00328666
483 0.00329901
484 0.00331151
485 0.00332413
486 0.00333688
487 0.00334948
488 0.00336217
489 0.00337491
490 0.0033879
491 0.00340201
492 0.00341562
493 0.00342882
494 0.00344322
495 0.00345687
496 0.00347194
497 0.00348519
498 0.00349829
499 0.00351168
500 0.00352616
501 0.00354011
502 0.00355362
503 0.00356732
504 0.00358134
505 0.00359525
506 0.00360903
507 0.00362227
508 0.00363561
509 0.00364944
510 0.00366498
511 0.00367977
512 0.00370043
513 0.0037322
514 0.00374593
515 0.0037596
516 0.00377353
517 0.00378744
518 0.0038013
519 0.00381533
520 0.00382923
521 0.00384305
522 0.00385715
523 0.00387132
524 0.0038854
525 0.0038993
526 0.00391326
527 0.00392733
528 0.00394148
529 0.00395568
530 0.00396987
531 0.00398415
532 0.00399873
533 0.00401319
534 0.00402754
535 0.00404197
536 0.00405666
537 0.00407148
538 0.00408627
539 0.00410093
540 0.0041158
541 0.00413052
542 0.00414523
543 0.00416022
544 0.00417513
545 0.00418928
546 0.00420449
547 0.0042188
548 0.00423301
549 0.00424746
550 0.00426197
551 0.00427635
552 0.00429108
553 0.00430588
554 0.00432046
555 0.00433505
556 0.00434983
557 0.00436483
558 0.00438048
559 0.00439539
560 0.00441084
561 0.00442632
562 0.00444167
563 0.00445743
564 0.00447374
565 0.00448945
566 0.00450562
567 0.00452154
568 0.00453639
569 0.00455099
570 0.00456577
571 0.00458132
572 0.0045988
573 0.004618
574 0.00463433
575 0.00465075
576 0.00466718
577 0.00468367
578 0.00470013
579 0.00471607
580 0.00473218
581 0.00474873
582 0.00476547
583 0.00478174
584 0.00479776
585 0.00481302
586 0.00482927
587 0.00484589
588 0.00486246
589 0.004879
590 0.00489586
591 0.00491252
592 0.00492918
593 0.00494585
594 0.00496253
595 0.00497883
596 0.00499506
597 0.00501122
598 0.0050301
599 0.00505241
600 0.0050688
601 0.00508535
602 0.00510184
603 0.00511861
604 0.00513537
605 0.00515263
606 0.00516963
607 0.00518654
608 0.00520629
609 0.00522377
610 0.00524016
611 0.00525695
612 0.00527391
613 0.00529078
614 0.00530789
615 0.00532529
616 0.00534275
617 0.00535992
618 0.00537738
619 0.00539464
620 0.00541209
621 0.0054298
622 0.00544723
623 0.00546469
624 0.00548223
625 0.00549997
626 0.00551747
627 0.00553524
628 0.00555272
629 0.00557026
630 0.00558786
631 0.00560551
632 0.00562347
633 0.00564096
634 0.00565881
635 0.00567673
636 0.00569448
637 0.00571262
638 0.00573044
639 0.00574828
640 0.00576708
641 0.00578449
642 0.00580119
643 0.00581786
644 0.00583446
645 0.00585081
646 0.00586774
647 0.00588674
648 0.00590369
649 0.00592011
650 0.00593697
651 0.00595472
652 0.00597719
653 0.00599394
654 0.00601016
655 0.00602651
656 0.0060445
657 0.00614706
658 0.00633611
659 0.0063723
660 0.00640423
661 0.00643589
662 0.0064671
663 0.00649915
664 0.00653125
665 0.00656332
666 0.00658847
667 0.00660954
668 0.00662821
669 0.00664623
670 0.00666416
671 0.00668232
672 0.00670122
673 0.00671938
674 0.00674046
675 0.00675851
676 0.00677405
677 0.00678933
678 0.00680489
679 0.00682042
680 0.00683604
681 0.00685137
682 0.00686687
683 0.00688245
684 0.00690055
685 0.00691953
686 0.00694018
687 0.00695781
688 0.00697561
689 0.00699443
690 0.00701296
691 0.00702847
692 0.0070441
693 0.00705974
694 0.00707536
695 0.00709093
696 0.00710655
697 0.00712214
698 0.00713775
699 0.00715346
700 0.00716926
701 0.00718499
702 0.00720069
703 0.00721641
704 0.00723222
705 0.00724805
706 0.00726391
707 0.00727971
708 0.00729561
709 0.00731146
710 0.00732742
711 0.00734337
712 0.00735942
713 0.00737535
714 0.00739131
715 0.00740727
716 0.0074234
717 0.00743949
718 0.0074556
719 0.00747165
720 0.00748782
721 0.00750633
722 0.0075244
723 0.00754281
724 0.00756128
725 0.00758026
726 0.00759864
727 0.00761877
728 0.0076375
729 0.00765594
730 0.00767474
731 0.00769358
732 0.00771183
733 0.00773026
734 0.00774911
735 0.00776895
736 0.00778786
737 0.00780725
738 0.00782411
739 0.00784085
740 0.00785781
741 0.00787544
742 0.00789555
743 0.00791215
744 0.00793157
745 0.00795077
746 0.00796703
747 0.00798372
748 0.0080004
749 0.00801702
750 0.00803387
751 0.00805059
752 0.00806738
753 0.00808409
754 0.00810083
755 0.00811759
756 0.0081374
757 0.00815656
758 0.00817846
759 0.00819637
760 0.00821355
761 0.00823058
762 0.00824763
763 0.00826471
764 0.00828134
765 0.00829802
766 0.00831523
767 0.00833239
768 0.00834912
769 0.00836586
770 0.00838263
771 0.00839996
772 0.00841724
773 0.00843407
774 0.00845092
775 0.00846817
776 0.00848562
777 0.00850297
778 0.00852037
779 0.00853774
780 0.00855472
781 0.00857222
782 0.00858971
783 0.00860721
784 0.00862428
785 0.00864137
786 0.00865898
787 0.00867657
788 0.00869415
789 0.00871174
790 0.00872894
791 0.00874667
792 0.00876438
793 0.00878209
794 0.00879938
795 0.00881669
796 0.00883451
797 0.00885233
798 0.00887013
799 0.00888792
800 0.00890574
801 0.00892342
802 0.00894134
803 0.00895927
804 0.00897677
805 0.0089943
806 0.00901233
807 0.00903037
808 0.00904839
809 0.00906639
810 0.00908403
811 0.0091022
812 0.00912035
813 0.00913849
814 0.00915621
815 0.00917395
816 0.0091922
817 0.00921045
818 0.00922868
819 0.00924692
820 0.00926516
821 0.00928343
822 0.00930178
823 0.00932015
824 0.00933808
825 0.00935605
826 0.00937451
827 0.00939298
828 0.00941145
829 0.0094295
830 0.00944756
831 0.00946621
832 0.00948478
833 0.00950291
834 0.00952106
835 0.00953962
836 0.00955837
837 0.00957705
838 0.00959528
839 0.00961355
840 0.00963231
841 0.00965113
842 0.0096699
843 0.00968826
844 0.00970662
845 0.00972551
846 0.00974439
847 0.00976324
848 0.00978211
849 0.00980097
850 0.00981997
851 0.00983896
852 0.00985793
853 0.0098769
854 0.00989589
855 0.00991492
856 0.00993401
857 0.00995265
858 0.00997133
859 0.00999021
860 0.0100094
861 0.0100286
862 0.0100473
863 0.0100661
864 0.0100854
865 0.0101047
866 0.010124
867 0.0101432
868 0.0101625
869 0.0101819
870 0.0102013
871 0.0102202
872 0.0102392
873 0.0102587
874 0.0102782
875 0.0102977
876 0.0103172
877 0.0103363
878 0.0103559
879 0.0103755
880 0.0103951
881 0.0104173
882 0.0104415
883 0.0104641
884 0.0104838
885 0.0105034
886 0.0105232
887 0.010543
888 0.0105627
889 0.0105824
890 0.0106021
891 0.0106247
892 0.010647
893 0.0106697
894 0.0106928
895 0.0107154
896 0.0107415
897 0.0107632
898 0.0107834
899 0.0108037
900 0.0108241
901 0.0108444
902 0.0108647
903 0.0108849
904 0.0109071
905 0.0109319
906 0.0109531
907 0.0109734
908 0.0109939
909 0.0110144
910 0.011035
911 0.0110555
912 0.0110762
913 0.0110968
914 0.0111174
915 0.0111379
916 0.0111586
917 0.0111793
918 0.0112
919 0.0112207
920 0.0112414
921 0.0112622
922 0.011283
923 0.0113038
924 0.0113245
925 0.0113454
926 0.0113664
927 0.0113872
928 0.0114081
929 0.011429
930 0.01145
931 0.011471
932 0.011492
933 0.011513
934 0.0115371
935 0.0115607
936 0.0115866
937 0.011612
938 0.0116385
939 0.0116646
940 0.0116883
941 0.0117096
942 0.0117308
943 0.011752
944 0.0117734
945 0.0117946
946 0.0118159
947 0.0118371
948 0.0118586
949 0.01188
950 0.0119013
951 0.0119226
952 0.011944
953 0.0119656
954 0.011987
955 0.0120085
956 0.0120299
957 0.0120515
958 0.0120731
959 0.0120946
960 0.0121199
961 0.0121453
962 0.012167
963 0.0121888
964 0.0122106
965 0.0123236
966 0.0123518
967 0.0123743
968 0.0123961
969 0.0124177
970 0.0124394
971 0.0124613
972 0.0124832
973 0.0125051
974 0.012527
975 0.012549
976 0.0125709
977 0.012593
978 0.0126149
979 0.012637
980 0.0126591
981 0.0126812
982 0.012703
983 0.012725
984 0.0127471
985 0.0127693
986 0.0127912
987 0.0128132
988 0.0128354
989 0.0128577
990 0.01288
991 0.012902
992 0.0129244
993 0.0129467
994 0.0129691
995 0.0129912
996 0.0130327
997 0.0130569
998 0.01308
999 0.0131034
1000 0.0131269
1001 0.0131549
1002 0.0131795
1003 0.0132034
1004 0.0132271
1005 0.0132507
1006 0.0132743
1007 0.0132981
1008 0.0133218
1009 0.0133455
1010 0.0133692
1011 0.0133931
1012 0.0134169
1013 0.0134407
1014 0.0134645
1015 0.0134885
1016 0.0135121
1017 0.013536
1018 0.0135599
1019 0.0135839
1020 0.0136077
1021 0.0136316
1022 0.0136556
1023 0.0136797
1024 0.0137214
1025 0.0137857
1026 0.0138089
1027 0.0138321
1028 0.0138554
1029 0.0138787
1030 0.0139019
1031 0.0139251
1032 0.0139485
1033 0.0139718
1034 0.0139951
1035 0.0140184
1036 0.0140418
1037 0.0140652
1038 0.0140886
1039 0.014112
1040 0.0141355
1041 0.014159
1042 0.0141825
1043 0.014206
1044 0.0142297
1045 0.0142532
1046 0.0142781
1047 0.0143017
1048 0.0143254
1049 0.0143491
1050 0.0143727
1051 0.0143964
1052 0.0144202
1053 0.014444
1054 0.0144677
1055 0.0144915
1056 0.0145153
1057 0.0145391
1058 0.0145629
1059 0.0145869
1060 0.0146108
1061 0.0146347
1062 0.0146586
1063 0.0146826
1064 0.0147066
1065 0.0147306
1066 0.0147546
1067 0.0147787
1068 0.014804
1069 0.0148281
1070 0.0148523
1071 0.0148765
1072 0.0149006
1073 0.0149248
1074 0.014949
1075 0.0149732
1076 0.0149974
1077 0.0150217
1078 0.015046
1079 0.0150703
1080 0.0150946
1081 0.015119
1082 0.0151434
1083 0.0151678
1084 0.0151922
1085 0.0152166
1086 0.0152412
1087 0.0152656
1088 0.0152901
1089 0.0153147
1090 0.0153392
1091 0.0153638
1092 0.0153884
1093 0.015413
1094 0.0154377
1095 0.0154623
1096 0.015487
1097 0.0155117
1098 0.0155364
1099 0.0155611
1100 0.0155859
1101 0.015611
1102 0.0156389
1103 0.0156638
1104 0.0156887
1105 0.0157136
1106 0.0157384
1107 0.0157633
1108 0.0157883
1109 0.0158133
1110 0.0158382
1111 0.0158632
1112 0.0158883
1113 0.0159133
1114 0.0159383
1115 0.0159635
1116 0.0159886
1117 0.0160137
1118 0.0160389
1119 0.0160641
1120 0.0160893
1121 0.0161145
1122 0.0161399
1123 0.0161651
1124 0.0161904
1125 0.0162157
1126 0.0162411
1127 0.0162664
1128 0.0162918
1129 0.0163172
1130 0.0163426
1131 0.0163681
1132 0.0163935
1133 0.0164191
1134 0.0164446
1135 0.01647
1136 0.0164956
1137 0.0165212
1138 0.0165468
1139 0.0165724
1140 0.0165981
1141 0.0166237
1142 0.0166493
1143 0.0166751
1144 0.0167008
1145 0.0167265
1146 0.0167522
1147 0.0167781
1148 0.0168039
1149 0.0168297
1150 0.0168556
1151 0.0168815
1152 0.0169074
1153 0.0169332
1154 0.0169593
1155 0.0169852
1156 0.0170111
1157 0.0170372
1158 0.0170632
1159 0.0170892
1160 0.0171153
1161 0.0171415
1162 0.0171676
1163 0.0171936
1164 0.0172198
1165 0.017246
1166 0.0172722
1167 0.0172984
1168 0.0173247
1169 0.017351
1170 0.0173772
1171 0.0174036
1172 0.0174299
1173 0.0174562
1174 0.0174826
1175 0.017509
1176 0.0175355
1177 0.0175618
1178 0.0175883
1179 0.0176148
1180 0.0176413
1181 0.0176678
1182 0.0176944
1183 0.017721
1184 0.0177475
1185 0.0177742
1186 0.0178008
1187 0.0178274
1188 0.0178542
1189 0.0178808
1190 0.0179076
1191 0.0179343
1192 0.0179611
1193 0.0179879
1194 0.0180146
1195 0.0180415
1196 0.0180684
1197 0.0180952
1198 0.0181221
1199 0.0181491
1200 0.018176
1201 0.0182029
1202 0.01823
1203 0.018257
1204 0.018284
1205 0.018311
1206 0.0183381
1207 0.0183652
1208 0.0183923
1209 0.018422
1210 0.0184519
1211 0.0184819
1212 0.0185136
1213 0.0185448
1214 0.0185754
1215 0.0186052
1216 0.0186362
1217 0.0186672
1218 0.0186988
1219 0.0187309
1220 0.0187622
1221 0.0187947
1222 0.0188257
1223 0.0188586
1224 0.0188919
1225 0.0189227
1226 0.0189572
1227 0.0189867
1228 0.0190143
1229 0.0190417
1230 0.019098
1231 0.019128
1232 0.0191565
1233 0.0191851
1234 0.0192138
1235 0.0192424
1236 0.0192711
1237 0.0192998
1238 0.0193285
1239 0.0193575
1240 0.0193863
1241 0.019415
1242 0.0194439
1243 0.0194727
1244 0.0195016
1245 0.0195304
1246 0.0195594
1247 0.0195883
1248 0.0196172
1249 0.019646
1250 0.0196797
1251 0.0197131
1252 0.0197459
1253 0.0197761
1254 0.0198041
1255 0.0198323
1256 0.0198605
1257 0.0198886
1258 0.0199168
1259 0.0199484
1260 0.0199807
1261 0.0200127
1262 0.0200457
1263 0.0200775
1264 0.0201096
1265 0.0201415
1266 0.0201733
1267 0.0202051
1268 0.0202367
1269 0.0202683
1270 0.0203011
1271 0.0203356
1272 0.0203686
1273 0.0203985
1274 0.020427
1275 0.0204556
1276 0.0204853
1277 0.0205171
1278 0.0205495
1279 0.0205781
1280 0.0206067
1281 0.0206354
1282 0.0206642
1283 0.020693
1284 0.0207217
1285 0.0207523
1286 0.0207844
1287 0.0208133
1288 0.0208423
1289 0.0208713
1290 0.0209001
1291 0.0209292
1292 0.0209582
1293 0.0209871
1294 0.0210162
1295 0.0210452
1296 0.0210743
1297 0.0211035
1298 0.0211326
1299 0.0211616
1300 0.0211937
1301 0.0212264
1302 0.0212702
1303 0.0213035
1304 0.0213379
1305 0.0213704
1306 0.0214039
1307 0.0214368
1308 0.0214733
1309 0.0215067
1310 0.0215419
1311 0.0215768
1312 0.0216064
1313 0.0216359
1314 0.0217156
1315 0.0217474
1316 0.0217775
1317 0.0218072
1318 0.0218375
1319 0.0218677
1320 0.0218979
1321 0.0219282
1322 0.0219587
1323 0.0219888
1324 0.0220191
1325 0.0220495
1326 0.0220798
1327 0.0221102
1328 0.0221407
1329 0.0221711
1330 0.0222016
1331 0.0222615
1332 0.0222921
1333 0.0223221
1334 0.022352
1335 0.0223819
1336 0.022412
1337 0.0224419
1338 0.0224719
1339 0.022502
1340 0.0225321
1341 0.0225621
1342 0.0225923
1343 0.0226254
1344 0.0226559
1345 0.0226861
1346 0.0227163
1347 0.0227464
1348 0.0227767
1349 0.022807
1350 0.0228372
1351 0.0228676
1352 0.0228979
1353 0.0229281
1354 0.0229586
1355 0.022989
1356 0.0230193
1357 0.0230498
1358 0.0230803
1359 0.0231106
1360 0.0231412
1361 0.0231717
1362 0.0232022
1363 0.0232328
1364 0.0232634
1365 0.0232939
1366 0.0233246
1367 0.0233553
1368 0.0233858
1369 0.0234166
1370 0.0234473
1371 0.023478
1372 0.0235088
1373 0.0235396
1374 0.0235703
1375 0.0236012
1376 0.023632
1377 0.0236628
1378 0.0236938
1379 0.0237247
1380 0.0237555
1381 0.0237866
1382 0.0238175
1383 0.0238484
1384 0.0238795
1385 0.0239105
1386 0.0239415
1387 0.0239727
1388 0.0240037
1389 0.0240347
1390 0.024066
1391 0.0240971
1392 0.0241283
1393 0.0241596
1394 0.0241907
1395 0.024222
1396 0.0242533
1397 0.0242845
1398 0.0243158
1399 0.0243472
1400 0.0243785
1401 0.0244099
1402 0.0244414
1403 0.0244727
1404 0.0245043
1405 0.0245357
1406 0.0245671
1407 0.0245987
1408 0.0246302
1409 0.0246617
1410 0.0246934
1411 0.024725
1412 0.0247565
1413 0.0247883
1414 0.0248199
1415 0.0248515
1416 0.0248833
1417 0.024915
1418 0.0249467
1419 0.0249785
1420 0.0250103
1421 0.0250421
1422 0.025074
1423 0.0251058
1424 0.0251376
1425 0.0251696
1426 0.0252015
1427 0.0252335
1428 0.0252654
1429 0.0252973
1430 0.0253294
1431 0.0253615
1432 0.0253934
1433 0.0254256
1434 0.0254577
1435 0.0254897
1436 0.025522
1437 0.025554
1438 0.0256391
1439 0.0256738
1440 0.0257069
1441 0.0257401
1442 0.0257732
1443 0.0258063
1444 0.0258396
1445 0.0258727
1446 0.025906
1447 0.0259393
1448 0.0259725
1449 0.0260059
1450 0.0260392
1451 0.0260724
1452 0.0261059
1453 0.0261392
1454 0.0261726
1455 0.0262061
1456 0.0262395
1457 0.0262729
1458 0.0263065
1459 0.0263399
1460 0.0263736
1461 0.0264071
1462 0.0264406
1463 0.0264743
1464 0.0265078
1465 0.0265414
1466 0.0265752
1467 0.0266088
1468 0.0266459
1469 0.0266797
1470 0.0267134
1471 0.0267473
1472 0.026781
1473 0.0268148
1474 0.0268488
1475 0.0268826
1476 0.0269165
1477 0.0269504
1478 0.0269843
1479 0.0270184
1480 0.0270523
1481 0.0270862
1482 0.0271206
1483 0.0271545
1484 0.0271885
1485 0.0272227
1486 0.0272568
1487 0.027291
1488 0.0273251
1489 0.0273592
1490 0.0273936
1491 0.0274278
1492 0.0274619
1493 0.0274963
1494 0.0275306
1495 0.0275649
1496 0.0275992
1497 0.0276335
1498 0.027668
1499 0.0277023
1500 0.0277367
1501 0.0277712
1502 0.0278063
1503 0.027841
1504 0.0278757
1505 0.0279104
1506 0.0279452
1507 0.0279799
1508 0.0280147
1509 0.0280495
1510 0.0280843
1511 0.0281192
1512 0.028154
1513 0.0281889
1514 0.0282238
1515 0.0282587
1516 0.0282937
1517 0.0283286
1518 0.0283635
1519 0.0283986
1520 0.0284336
1521 0.0284686
1522 0.0285038
1523 0.0285388
1524 0.0285739
1525 0.0286091
1526 0.0286441
1527 0.0286794
1528 0.0287145
1529 0.0287498
1530 0.028785
1531 0.0288202
1532 0.0288556
1533 0.0288909
1534 0.0289262
1535 0.0289616
1536 0.0289969
1537 0.0290323
1538 0.0290677
1539 0.0291031
1540 0.0291386
1541 0.029174
1542 0.0292097
1543 0.0292452
1544 0.0292806
1545 0.0293163
1546 0.0293518
1547 0.0293874
1548 0.0294231
1549 0.0294589
1550 0.0294947
1551 0.0295303
1552 0.029566
1553 0.0296018
1554 0.0296375
1555 0.0296733
1556 0.0297091
1557 0.0297449
1558 0.0297899
1559 0.0298257
1560 0.0298617
1561 0.0298976
1562 0.0299334
1563 0.0299695
1564 0.0300054
1565 0.0300414
1566 0.0300774
1567 0.0301134
1568 0.0301496
1569 0.0301856
1570 0.0302217
1571 0.0302579
1572 0.030294
1573 0.0303302
1574 0.0303664
1575 0.0304025
1576 0.0304388
1577 0.030475
1578 0.0305114
1579 0.0305476
1580 0.0305839
1581 0.0306205
1582 0.0306568
1583 0.0306933
1584 0.0307296
1585 0.030766
1586 0.0308025
1587 0.0308389
1588 0.0308755
1589 0.0309119
1590 0.0309484
1591 0.0309851
1592 0.0310216
1593 0.0310583
1594 0.0310948
1595 0.0311314
1596 0.0311682
1597 0.0312048
1598 0.0312416
1599 0.0312783
1600 0.031315
1601 0.0313518
1602 0.0313886
1603 0.0314255
1604 0.0314623
1605 0.0314991
1606 0.0315361
1607 0.0315729
1608 0.03161
1609 0.0316502
1610 0.0316872
1611 0.0317242
1612 0.0317612
1613 0.0317983
1614 0.0318353
1615 0.0318724
1616 0.0319095
1617 0.0319466
1618 0.0319839
1619 0.0320209
1620 0.0320582
1621 0.0320954
1622 0.0321494
1623 0.0321875
1624 0.0322894
1625 0.032328
1626 0.0323655
1627 0.032403
1628 0.0324403
1629 0.0324776
1630 0.0325151
1631 0.0325524
1632 0.03259
1633 0.0326274
1634 0.0326648
1635 0.0327024
1636 0.0327398
1637 0.0327776
1638 0.0328152
1639 0.0328529
1640 0.0328905
1641 0.0329281
1642 0.0329659
1643 0.0330035
1644 0.0330412
1645 0.0330789
1646 0.0331168
1647 0.0331546
1648 0.0331923
1649 0.0332302
1650 0.0332681
1651 0.0333059
1652 0.0333439
1653 0.0333817
1654 0.0334198
1655 0.0334578
1656 0.0334958
1657 0.0335337
1658 0.0335718
1659 0.0336099
1660 0.0336479
1661 0.033686
1662 0.0337241
1663 0.0337622
1664 0.0338004
1665 0.0338385
1666 0.0338769
1667 0.033915
1668 0.0339533
1669 0.0339915
1670 0.0340297
1671 0.0340682
1672 0.0341064
1673 0.0341448
1674 0.0341831
1675 0.0342912
1676 0.0343336
1677 0.0343721
1678 0.0344107
1679 0.0344492
1680 0.0344877
1681 0.0345262
1682 0.034565
1683 0.0346035
1684 0.0346421
1685 0.0346807
1686 0.0347231
1687 0.0347657
1688 0.034812
1689 0.0348555
1690 0.0349329
1691 0.034977
1692 0.0350214
1693 0.0350606
1694 0.0350996
1695 0.0351383
1696 0.0351772
1697 0.0352161
1698 0.035255
1699 0.0352939
1700 0.0353328
1701 0.0353744
1702 0.0354178
1703 0.0354612
1704 0.0355009
1705 0.0355444
1706 0.0355898
1707 0.0356296
1708 0.0356687
1709 0.0357078
1710 0.0357471
1711 0.0357874
1712 0.0358311
1713 0.0358702
1714 0.0359093
1715 0.0359484
1716 0.0359874
1717 0.0360333
1718 0.0360791
1719 0.0361242
1720 0.0361688
1721 0.0362134
1722 0.0362593
1723 0.036305
1724 0.0363518
1725 0.0363951
1726 0.0364391
1727 0.0364861
1728 0.0365314
1729 0.036577
1730 0.0366249
1731 0.0366705
1732 0.0367151
1733 0.03676
1734 0.0368054
1735 0.036852
1736 0.0368982
1737 0.0369447
1738 0.0369939
1739 0.0370423
1740 0.0370893
1741 0.0371352
1742 0.0371815
1743 0.0372292
1744 0.0372771
1745 0.0373255
1746 0.0373729
1747 0.0374185
1748 0.0374632
1749 0.0375075
1750 0.0375523
1751 0.0375971
1752 0.0376435
1753 0.0376896
1754 0.0377362
1755 0.037785
1756 0.0378327
1757 0.0378799
1758 0.0379277
1759 0.0379749
1760 0.0380228
1761 0.038071
1762 0.0381184
1763 0.0381664
1764 0.0382152
1765 0.0382636
1766 0.0383115
1767 0.0383592
1768 0.038405
1769 0.0384527
1770 0.0385012
1771 0.0385495
1772 0.0385972
1773 0.0386444
1774 0.038728
1775 0.0387775
1776 0.0388265
1777 0.0388748
1778 0.0389243
1779 0.0389724
1780 0.0390202
1781 0.0390687
1782 0.0391176
1783 0.0391665
1784 0.0392135
1785 0.039262
1786 0.0393104
1787 0.0393587
1788 0.0394071
1789 0.0394556
1790 0.0395049
1791 0.0395542
1792 0.0396025
1793 0.039651
1794 0.0396996
1795 0.0397497
1796 0.0397982
1797 0.0398477
1798 0.0398977
1799 0.0399463
1800 0.0399959
1801 0.0400456
1802 0.0400957
1803 0.040143
1804 0.0401911
1805 0.0402393
1806 0.0402884
1807 0.0403367
1808 0.0403858
1809 0.0404348
1810 0.0404836
1811 0.0405329
1812 0.0405826
1813 0.0406308
1814 0.0406801
1815 0.04073
1816 0.0407783
1817 0.040827
1818 0.0408757
1819 0.0409253
1820 0.0409748
1821 0.0410234
1822 0.0410703
1823 0.0411193
1824 0.041169
1825 0.0412209
1826 0.0412692
1827 0.0413183
1828 0.041368
1829 0.0414182
1830 0.0414684
1831 0.0415188
1832 0.0415687
1833 0.041619
1834 0.0416693
1835 0.04172
1836 0.0417699
1837 0.0418193
1838 0.0418685
1839 0.0419178
1840 0.0419669
1841 0.0420169
1842 0.0420667
1843 0.0421165
1844 0.0421665
1845 0.0423389
1846 0.0423916
1847 0.0424409
1848 0.0424917
1849 0.0425431
1850 0.0425931
1851 0.0426429
1852 0.0426929
1853 0.0427434
1854 0.0427936
1855 0.0428428
1856 0.0428914
1857 0.0429416
1858 0.0429894
1859 0.0430379
1860 0.0430858
1861 0.0431353
1862 0.0431839
1863 0.0432342
1864 0.0432842
1865 0.0433346
1866 0.0433846
1867 0.0434357
1868 0.0434859
1869 0.0435381
1870 0.0435882
1871 0.0436383
1872 0.0436887
1873 0.0437393
1874 0.04379
1875 0.0438403
1876 0.0438911
1877 0.0439414
1878 0.0439924
1879 0.0440436
1880 0.0440954
1881 0.0441451
1882 0.0441959
1883 0.0443014
1884 0.044354
1885 0.0444052
1886 0.0444563
1887 0.0445077
1888 0.0445595
1889 0.0446103
1890 0.0446612
1891 0.0447124
1892 0.0447637
1893 0.0448133
1894 0.0448637
1895 0.0449146
1896 0.0449659
1897 0.0450167
1898 0.0450675
1899 0.0451193
1900 0.0451709
1901 0.0452224
1902 0.0452749
1903 0.0453264
1904 0.0453779
1905 0.0454292
1906 0.04548
1907 0.0455313
1908 0.0455831
1909 0.0456317
1910 0.0456833
1911 0.0457345
1912 0.0457859
1913 0.045838
1914 0.0458891
1915 0.0459401
1916 0.045991
1917 0.0460439
1918 0.046095
1919 0.0461443
1920 0.0461952
1921 0.0462461
1922 0.0462954
1923 0.0463461
1924 0.0463967
1925 0.0464479
1926 0.0465004
1927 0.0465523
1928 0.0466042
1929 0.0466569
1930 0.0467082
1931 0.046759
1932 0.0468103
1933 0.0468625
1934 0.0469148
1935 0.0469669
1936 0.0470192
1937 0.0470721
1938 0.0471244
1939 0.0471803
1940 0.0472317
1941 0.0472822
1942 0.0473341
1943 0.0473863
1944 0.0474358
1945 0.047488
1946 0.0475389
1947 0.047593
1948 0.0476471
1949 0.0476994
1950 0.0477512
1951 0.0478032
1952 0.0478569
1953 0.0479103
1954 0.0479647
1955 0.0480186
1956 0.048073
1957 0.0481239
1958 0.0481757
1959 0.0482276
1960 0.0482798
1961 0.0483333
1962 0.048386
1963 0.0484382
1964 0.0484907
1965 0.0485435
1966 0.0485963
1967 0.048649
1968 0.0487017
1969 0.0487527
1970 0.0488044
1971 0.0488571
1972 0.0489095
1973 0.048962
1974 0.0490141
1975 0.0490667
1976 0.0491193
1977 0.0491727
1978 0.0492254
1979 0.0492788
1980 0.0493324
1981 0.0493854
1982 0.0494388
1983 0.0494919
1984 0.0495452
1985 0.0495985
1986 0.0496521
1987 0.0497068
1988 0.0497603
1989 0.0498744
1990 0.0499285
1991 0.0499826
1992 0.0500355
1993 0.0500896
1994 0.0501428
1995 0.0501958
1996 0.0502482
1997 0.0503023
1998 0.0504125
1999 0.0504685
2000 0.0505214
2001 0.0505759
2002 0.050627
2003 0.0506809
2004 0.0507353
2005 0.0507912
2006 0.050845
2007 0.0509001
2008 0.0509536
2009 0.0510067
2010 0.0510609
2011 0.0511156
2012 0.0511694
2013 0.0512228
2014 0.0512761
2015 0.051331
2016 0.0513851
2017 0.0514405
2018 0.0514942
2019 0.0515489
2020 0.0516033
2021 0.0516567
2022 0.0517107
2023 0.0517648
2024 0.051818
2025 0.0518734
2026 0.0519286
2027 0.051982
2028 0.0520334
2029 0.0520851
2030 0.0521371
2031 0.0521899
2032 0.0522865
2033 0.0523409
2034 0.0523939
2035 0.0524479
2036 0.0525013
2037 0.0525561
2038 0.0526111
2039 0.0526638
2040 0.0527633
2041 0.052818
2042 0.0528728
2043 0.0529281
2044 0.0529837
2045 0.0530394
2046 0.053095
2047 0.0531496
2048 0.053216
2049 0.0533647
2050 0.0534194
2051 0.053474
2052 0.0535299
2053 0.0535835
2054 0.0536361
2055 0.0536889
2056 0.0537439
2057 0.0537981
2058 0.0538521
2059 0.053906
2060 0.0539603
2061 0.0540152
2062 0.05407
2063 0.0541256
2064 0.0541813
2065 0.0542358
2066 0.0542921
2067 0.0543489
2068 0.0544041
2069 0.0544671
2070 0.0545222
2071 0.0545784
2072 0.0546339
2073 0.0546892
2074 0.0547457
2075 0.0548023
2076 0.0548587
2077 0.0549149
2078 0.0549706
2079 0.0550264
2080 0.0550822
2081 0.0551356
2082 0.0551901
2083 0.0552456
2084 0.0553011
2085 0.0553566
2086 0.0554398
2087 0.0554962
2088 0.0555526
2089 0.0556094
2090 0.0556668
2091 0.0557227
2092 0.0557798
2093 0.0558372
2094 0.0558936
2095 0.0559513
2096 0.0560092
2097 0.0560668
2098 0.0561242
2099 0.0561828
2100 0.0562404
2101 0.0562979
2102 0.056355
2103 0.056412
2104 0.0564696
2105 0.0565266
2106 0.0565838
2107 0.0566411
2108 0.0566964
2109 0.0567513
2110 0.0568064
2111 0.0568612
2112 0.0569169
2113 0.0569725
2114 0.0570289
2115 0.0570852
2116 0.057141
2117 0.0571974
2118 0.0572549
2119 0.0573112
2120 0.057369
2121 0.0574249
2122 0.0574816
2123 0.0575383
2124 0.0575949
2125 0.0576516
2126 0.0577095
2127 0.0577664
2128 0.0578239
2129 0.0578812
2130 0.0579382
2131 0.0579963
2132 0.058052
2133 0.0581062
2134 0.0581612
2135 0.0582167
2136 0.0582748
2137 0.0583313
2138 0.0583873
2139 0.0584446
2140 0.0585002
2141 0.0585581
2142 0.0586146
2143 0.0586709
2144 0.0587278
2145 0.0587853
2146 0.0588424
2147 0.0588999
2148 0.058957
2149 0.0590157
2150 0.0590752
2151 0.0591333
2152 0.0591906
2153 0.0592473
2154 0.0593026
2155 0.0593595
2156 0.0594164
2157 0.0594754
2158 0.059534
2159 0.0595896
2160 0.0596443
2161 0.0597014
2162 0.0597576
2163 0.0598132
2164 0.0598708
2165 0.0599262
2166 0.0599819
2167 0.0600383
2168 0.0600941
2169 0.0601509
2170 0.0602084
2171 0.0602654
2172 0.060324
2173 0.0603806
2174 0.0604381
2175 0.0604954
2176 0.0605531
2177 0.0606094
2178 0.0606672
2179 0.0607252
2180 0.0607835
2181 0.06084
2182 0.0608962
2183 0.0609546
2184 0.0610115
2185 0.0610681
2186 0.0611255
2187 0.0611833
2188 0.0612409
2189 0.0612991
2190 0.0613585
2191 0.0614164
2192 0.0614748
2193 0.0615324
2194 0.0615907
2195 0.0616493
2196 0.0617076
2197 0.0617632
2198 0.0618183
2199 0.0618745
2200 0.0619293
2201 0.0620638
2202 0.0621211
2203 0.0621763
2204 0.062261
2205 0.0623201
2206 0.0623773
2207 0.0624343
2208 0.062493
2209 0.0625517
2210 0.0626102
2211 0.062667
2212 0.0627266
2213 0.0627839
2214 0.0628429
2215 0.0629036
2216 0.0629626
2217 0.0630223
2218 0.0630823
2219 0.0631414
2220 0.0632012
2221 0.0632603
2222 0.0633191
2223 0.0633781
2224 0.0634377
2225 0.0634973
2226 0.0635562
2227 0.0636148
2228 0.0636723
2229 0.0637312
2230 0.0637907
2231 0.0638491
2232 0.0639084
2233 0.0639674
2234 0.0640251
2235 0.0640845
2236 0.0641443
2237 0.0642045
2238 0.0642633
2239 0.0643198
2240 0.0643774
2241 0.0644332
2242 0.0644909
2243 0.0645504
2244 0.0646104
2245 0.0646705
2246 0.0647285
2247 0.0647867
2248 0.0648438
2249 0.0649032
2250 0.0649639
2251 0.0650239
2252 0.0650834
2253 0.0651427
2254 0.0652023
2255 0.0652627
2256 0.0653226
2257 0.0653824
2258 0.0654424
2259 0.0655036
2260 0.0655636
2261 0.065621
2262 0.0656789
2263 0.0657379
2264 0.0657972
2265 0.0658577
2266 0.0659191
2267 0.0659802
2268 0.066041
2269 0.0661027
2270 0.0666147
2271 0.0667096
2272 0.0667998
2273 0.0668905
2274 0.0669805
2275 0.0670709
2276 0.0671608
2277 0.0672515
2278 0.0673414
2279 0.0674318
2280 0.0675218
2281 0.0676126
2282 0.0677033
2283 0.0677997
2284 0.0678986
2285 0.0679969
2286 0.0681034
2287 0.0682163
2288 0.0684111
2289 0.0685301
2290 0.0686504
2291 0.068765
2292 0.0688784
2293 0.0690448
2294 0.0693395
2295 0.0696077
2296 0.0698338
2297 0.0699798
2298 0.0701157
2299 0.0702282
2300 0.0703367
2301 0.0704431
2302 0.070661
2303 0.0707607
2304 0.0708212
2305 0.0708806
2306 0.0709412
2307 0.0709953
2308 0.0710465
2309 0.0711657
2310 0.0712264
2311 0.0712855
2312 0.0713459
2313 0.0714075
2314 0.071471
2315 0.0715351
2316 0.0716003
2317 0.071661
2318 0.0717194
2319 0.0717787
2320 0.0718364
2321 0.071896
2322 0.0719572
2323 0.0720199
2324 0.0720787
2325 0.0721397
2326 0.0721925
2327 0.0722718
2328 0.0723322
2329 0.0723929
2330 0.0724469
2331 0.0724998
2332 0.0725525
2333 0.0726054
2334 0.0726582
2335 0.0727111
2336 0.0727639
2337 0.072817
2338 0.07287
2339 0.072923
2340 0.0729761
2341 0.0730288
2342 0.0730819
2343 0.0731346
2344 0.0731875
2345 0.0732449
2346 0.073308
2347 0.0733642
2348 0.0734235
2349 0.0734838
2350 0.0735378
2351 0.0735911
2352 0.0736441
2353 0.0736975
2354 0.0737505
2355 0.0738038
2356 0.073857
2357 0.0739102
2358 0.0739635
2359 0.0740167
2360 0.07407
2361 0.0741234
2362 0.0741767
2363 0.07423
2364 0.0742833
2365 0.0743445
2366 0.0743982
2367 0.0744514
2368 0.0745047
2369 0.0745582
2370 0.0746116
2371 0.074665
2372 0.0747184
2373 0.0747719
2374 0.0748254
2375 0.0748824
2376 0.0749463
2377 0.0750005
2378 0.0750599
2379 0.075118
2380 0.075172
2381 0.0752259
2382 0.0752798
2383 0.0753338
2384 0.0753875
2385 0.0754414
2386 0.0754955
2387 0.0755495
2388 0.0756036
2389 0.0756574
2390 0.0757113
2391 0.0757654
2392 0.0758284
2393 0.0758903
2394 0.075948
2395 0.0760073
2396 0.0760661
2397 0.0761875
2398 0.0762468
2399 0.076308
2400 0.0763705
2401 0.0764337
2402 0.0764989
2403 0.076562
2404 0.0766197
2405 0.076674
2406 0.0767285
2407 0.0767829
2408 0.0768593
2409 0.0769147
2410 0.076969
2411 0.0770237
2412 0.0770783
2413 0.0771329
2414 0.0771879
2415 0.0772492
2416 0.077304
2417 0.0773587
2418 0.0774134
2419 0.0774681
2420 0.0775228
2421 0.0775776
2422 0.0776324
2423 0.0776872
2424 0.077742
2425 0.0777968
2426 0.0778515
2427 0.0779064
2428 0.077961
2429 0.0780161
2430 0.078071
2431 0.0781258
2432 0.0781808
2433 0.0782358
2434 0.0782909
2435 0.0783467
2436 0.0784098
2437 0.0784662
2438 0.0785289
2439 0.0785927
2440 0.0786576
2441 0.0787282
2442 0.0787969
2443 0.0788611
2444 0.0789258
2445 0.0789919
2446 0.0790583
2447 0.079125
2448 0.0791887
2449 0.0792523
2450 0.0793163
2451 0.0793788
2452 0.0794477
2453 0.0795174
2454 0.0795734
2455 0.0796289
2456 0.0796843
2457 0.0797403
2458 0.0797988
2459 0.0798544
2460 0.07991
2461 0.0799657
2462 0.0800213
2463 0.0800769
2464 0.0801381
2465 0.0802021
2466 0.0802715
2467 0.0803378
2468 0.0803943
2469 0.0804491
2470 0.0805033
2471 0.080558
2472 0.0806128
2473 0.0806675
2474 0.0807273
2475 0.0808028
2476 0.080862
2477 0.0809171
2478 0.0809721
2479 0.0810273
2480 0.0810825
2481 0.0811376
2482 0.0811927
2483 0.0812478
2484 0.0813031
2485 0.081365
2486 0.0814205
2487 0.0814748
2488 0.08153
2489 0.0815851
2490 0.0816505
2491 0.0817174
2492 0.0817762
2493 0.0818317
2494 0.0818872
2495 0.0819487
2496 0.0820085
2497 0.0820666
2498 0.082126
2499 0.0823588
2500 0.0824198
2501 0.0824779
2502 0.0825343
2503 0.0825906
2504 0.0826476
2505 0.0827043
2506 0.0827611
2507 0.0828201
2508 0.0828858
2509 0.0829503
2510 0.0830071
2511 0.0830637
2512 0.0831206
2513 0.0831776
2514 0.0832777
2515 0.0833421
2516 0.0834093
2517 0.0834761
2518 0.0835427
2519 0.0835996
2520 0.0836643
2521 0.083729
2522 0.0837941
2523 0.0838598
2524 0.0839167
2525 0.0839723
2526 0.0840364
2527 0.0841031
2528 0.08417
2529 0.0842346
2530 0.0842981
2531 0.0843623
2532 0.0844273
2533 0.0844842
2534 0.0845414
2535 0.0846064
2536 0.0846741
2537 0.0848591
2538 0.0849273
2539 0.084989
2540 0.0850543
2541 0.0851217
2542 0.0851868
2543 0.0852519
2544 0.0853233
2545 0.0853928
2546 0.0854594
2547 0.08553
2548 0.0856011
2549 0.0856715
2550 0.0857417
2551 0.085879
2552 0.0861392
2553 0.0862373
2554 0.0863027
2555 0.0863671
2556 0.0864312
2557 0.0864962
2558 0.0865656
2559 0.0866317
2560 0.0866972
2561 0.0867627
2562 0.0868288
2563 0.0868876
2564 0.0869535
2565 0.0870204
2566 0.0870873
2567 0.087156
2568 0.0872232
2569 0.0872874
2570 0.0873456
2571 0.0874028
2572 0.0874669
2573 0.0875248
2574 0.0875817
2575 0.0876389
2576 0.087696
2577 0.0877533
2578 0.0878106
2579 0.087868
2580 0.0879253
2581 0.0879893
2582 0.0880464
2583 0.0881039
2584 0.0881662
2585 0.0882233
2586 0.0882808
2587 0.0883384
2588 0.0883957
2589 0.0884533
2590 0.0885107
2591 0.0885681
2592 0.0886257
2593 0.0886833
2594 0.0887406
2595 0.0887983
2596 0.0888557
2597 0.0889134
2598 0.0889712
2599 0.0890287
2600 0.0890865
2601 0.089144
2602 0.0892018
2603 0.0892596
2604 0.0893172
2605 0.0893842
2606 0.0895216
2607 0.0896138
2608 0.0897019
2609 0.0897987
2610 0.0898583
2611 0.0899173
2612 0.0899784
2613 0.090077
2614 0.0901444
2615 0.0902119
2616 0.0902818
2617 0.0903516
2618 0.0904223
2619 0.0904943
2620 0.0905624
2621 0.0906226
2622 0.0906895
2623 0.0907563
2624 0.0908238
2625 0.0908926
2626 0.0909527
2627 0.0910134
2628 0.0910808
2629 0.0911499
2630 0.0912168
2631 0.0912824
2632 0.0913475
2633 0.0914149
2634 0.0914823
2635 0.0915516
2636 0.0916205
2637 0.0916801
2638 0.0917384
2639 0.0917968
2640 0.0918553
2641 0.0919136
2642 0.0919721
2643 0.0920308
2644 0.0920894
2645 0.092148
2646 0.0922067
2647 0.0923404
2648 0.0924009
2649 0.0924604
2650 0.0925202
2651 0.0925794
2652 0.0926388
2653 0.0926984
2654 0.092758
2655 0.0928175
2656 0.0928771
2657 0.0929368
2658 0.0929963
2659 0.093056
2660 0.0931158
2661 0.0931754
2662 0.0932352
2663 0.093295
2664 0.0933551
2665 0.0934152
2666 0.0934751
2667 0.0935352
2668 0.093595
2669 0.0936547
2670 0.0937149
2671 0.0937748
2672 0.0938379
2673 0.0938982
2674 0.0939583
2675 0.0940181
2676 0.0940784
2677 0.0941384
2678 0.0941982
2679 0.0942585
2680 0.0943188
2681 0.0943786
2682 0.0944391
2683 0.0944994
2684 0.0945594
2685 0.0946199
2686 0.0946803
2687 0.0947402
2688 0.0948041
2689 0.0948644
2690 0.0949245
2691 0.0949851
2692 0.0950495
2693 0.0951175
2694 0.095184
2695 0.0952456
2696 0.0953058
2697 0.0953659
2698 0.0954259
2699 0.095486
2700 0.0955463
2701 0.0956068
2702 0.0956667
2703 0.0957272
2704 0.0958265
2705 0.0958882
2706 0.0959487
2707 0.0960122
2708 0.0960807
2709 0.0961576
2710 0.0962204
2711 0.096281
2712 0.0963418
2713 0.0964024
2714 0.0964634
2715 0.0965242
2716 0.0965849
2717 0.0966459
2718 0.0967067
2719 0.0967899
2720 0.0968515
2721 0.0969122
2722 0.0969727
2723 0.0970408
2724 0.0971093
2725 0.0971802
2726 0.0972537
2727 0.0973254
2728 0.0973969
2729 0.0974679
2730 0.097542
2731 0.0976037
2732 0.0976649
2733 0.0977262
2734 0.0977875
2735 0.097848
2736 0.0979087
2737 0.09797
2738 0.0980376
2739 0.0981005
2740 0.098162
2741 0.098228
2742 0.0983
2743 0.0983699
2744 0.0984403
2745 0.0985097
2746 0.0985838
2747 0.0986565
2748 0.0987188
2749 0.0987839
2750 0.0988456
2751 0.0989067
2752 0.0989683
2753 0.09903
2754 0.0990915
2755 0.0991527
2756 0.0992145
2757 0.0992764
2758 0.099338
2759 0.0993996
2760 0.099461
2761 0.0995229
2762 0.0995848
2763 0.0996508
2764 0.0997137
2765 0.0997759
2766 0.0998377
2767 0.0998994
2768 0.0999615
2769 0.100024
2770 0.100086
2771 0.100147
2772 0.100209
2773 0.100271
2774 0.100333
2775 0.100395
2776 0.100457
2777 0.100519
2778 0.100581
2779 0.100644
2780 0.100706
2781 0.10077
2782 0.100833
2783 0.100896
2784 0.100958
2785 0.10102
2786 0.101082
2787 0.101145
2788 0.101207
2789 0.10127
2790 0.101334
2791 0.101405
2792 0.101476
2793 0.101547
2794 0.101618
2795 0.101692
2796 0.101765
2797 0.101837
2798 0.101908
2799 0.101983
2800 0.102054
2801 0.102126
2802 0.102199
2803 0.102316
2804 0.102387
2805 0.102458
2806 0.102528
2807 0.102599
2808 0.102668
2809 0.102739
2810 0.102811
2811 0.102883
2812 0.102954
2813 0.103029
2814 0.103101
2815 0.103174
2816 0.103237
2817 0.103299
2818 0.10337
2819 0.103433
2820 0.103495
2821 0.10356
2822 0.10363
2823 0.103692
2824 0.103855
2825 0.103929
2826 0.103993
2827 0.104055
2828 0.104125
2829 0.104197
2830 0.104269
2831 0.104341
2832 0.104416
2833 0.104492
2834 0.104562
2835 0.104632
2836 0.104704
2837 0.104789
2838 0.104958
2839 0.105033
2840 0.105108
2841 0.105239
2842 0.105309
2843 0.105373
2844 0.105439
2845 0.105514
2846 0.105586
2847 0.105656
2848 0.105726
2849 0.105798
2850 0.105872
2851 0.105944
2852 0.106017
2853 0.10609
2854 0.106165
2855 0.106239
2856 0.106315
2857 0.10639
2858 0.106464
2859 0.106538
2860 0.106613
2861 0.106687
2862 0.106761
2863 0.106836
2864 0.106911
2865 0.106987
2866 0.10706
2867 0.107134
2868 0.107209
2869 0.107283
2870 0.10736
2871 0.107434
2872 0.107512
2873 0.107587
2874 0.107663
2875 0.107741
2876 0.107815
2877 0.107893
2878 0.107966
2879 0.108041
2880 0.108114
2881 0.108188
2882 0.108265
2883 0.108341
2884 0.108415
2885 0.108489
2886 0.108565
2887 0.10864
2888 0.108715
2889 0.10879
2890 0.108864
2891 0.108939
2892 0.109013
2893 0.109086
2894 0.109164
2895 0.109241
2896 0.109317
2897 0.109394
2898 0.109471
2899 0.109548
2900 0.109624
2901 0.109702
2902 0.109779
2903 0.109856
2904 0.109933
2905 0.11001
2906 0.110087
2907 0.110165
2908 0.110242
2909 0.110319
2910 0.110397
2911 0.110474
2912 0.110551
2913 0.110629
2914 0.110706
2915 0.110784
2916 0.110892
2917 0.110972
2918 0.11105
2919 0.111128
2920 0.111207
2921 0.111286
2922 0.111365
2923 0.111443
2924 0.111521
2925 0.111599
2926 0.111677
2927 0.111755
2928 0.111834
2929 0.111911
2930 0.111989
2931 0.112068
2932 0.112148
2933 0.11225
2934 0.112329
2935 0.112395
2936 0.112459
2937 0.112528
2938 0.112602
2939 0.112677
2940 0.112749
2941 0.112815
2942 0.112879
2943 0.112944
2944 0.113008
2945 0.113073
2946 0.113137
2947 0.113201
2948 0.113266
2949 0.113334
2950 0.113403
2951 0.113467
2952 0.113532
2953 0.113597
2954 0.113661
2955 0.113732
2956 0.113811
2957 0.113889
2958 0.113967
2959 0.114046
2960 0.114124
2961 0.114203
2962 0.114281
2963 0.114359
2964 0.114438
2965 0.114514
2966 0.114586
2967 0.114662
2968 0.114737
2969 0.114813
2970 0.114889
2971 0.114964
2972 0.11504
2973 0.115117
2974 0.115195
2975 0.115273
2976 0.115352
2977 0.11543
2978 0.115509
2979 0.115589
2980 0.11567
2981 0.115749
2982 0.115829
2983 0.115908
2984 0.115987
2985 0.116066
2986 0.116147
2987 0.116227
2988 0.116309
2989 0.116389
2990 0.116466
2991 0.116546
2992 0.116656
2993 0.116738
2994 0.116819
2995 0.1169
2996 0.11698
2997 0.11706
2998 0.117136
2999 0.117215
